vive_data|last_cmd
[-1.70739250e-01 -9.40867078e-01 -1.96578026e+00 -1.37459646e-02  1.11777188e+02 -8.88631594e+01]|CAL:1
[  -0.86822668   -0.93784467   -1.23440846 -179.52505177   98.69301234  -87.83149304]|CAL:2
[-0.19801915 -0.94265168 -0.52489809 -1.1896052  48.74709911 93.66540818]|CAL:3
[-3.13228263e-02  1.10557007e-02  7.50175394e-02  1.41716259e+02 -9.22097019e+01 -1.30615447e+02]|TURN:605
[ 4.16974225e-02  7.72285989e-02  7.81058948e-02  1.43311265e+02 -9.11989797e+01 -1.28231392e+02]|MOVE:900.186645080008
[ 4.21193701e-02  7.90385459e-02  7.76450325e-02  5.17345906e+00 -7.05830148e+01  9.30298601e+01]|TURN:265
[ 1.36617045e-01  1.14112675e-01  7.85450552e-02  4.94262552e+00 -6.90768825e+01  9.29832891e+01]|MOVE:900.186645080008
[ 1.38116523e-01  1.12712925e-01  7.86455863e-02  7.64511040e+01 -8.97067189e+01  1.64600631e+02]|TURN:-264
[ 2.18798306e-01  1.74810445e-01  8.28775577e-02  1.36077910e+02 -9.09674539e+01 -1.35459401e+02]|MOVE:900.186645080008
[ 2.20930323e-01  1.74152297e-01  8.34253749e-02  1.74350529e+02 -9.71916997e+01 -9.71295489e+01]|TURN:-80
[ 2.90539663e-01  2.43818936e-01  8.73970273e-02  1.74981009e+02 -9.89334162e+01 -9.65401325e+01]|MOVE:900.186645080008
[ 3.55060650e-01  3.18648069e-01  8.86471012e-02  1.78587478e+02 -1.00268067e+02 -9.24379146e+01]|MOVE:900.186645080008
[ 3.54416455e-01  3.20165534e-01  8.75489163e-02  1.72731064e+02 -9.41210569e+01 -9.82025927e+01]|TURN:91
[ 4.25244609e-01  3.87799791e-01  8.73731965e-02  1.60831625e+02 -9.30409803e+01 -1.10020234e+02]|MOVE:900.186645080008
[ 4.99286528e-01  4.55045057e-01  8.78608735e-02  1.55799237e+02 -9.32502637e+01 -1.14896813e+02]|MOVE:900.186645080008
[ 5.74926410e-01  5.21935940e-01  8.98198948e-02  1.58031691e+02 -9.31030386e+01 -1.12336943e+02]|MOVE:900.186645080008
[ 6.50663735e-01  5.88374751e-01  9.23392115e-02  1.63541618e+02 -9.34231229e+01 -1.06788528e+02]|MOVE:900.186645080008
[ 7.28010726e-01  6.51449033e-01  9.66202089e-02  1.58778772e+02 -9.37121943e+01 -1.11911412e+02]|MOVE:900.186645080008
[ 8.05046955e-01  7.14073626e-01  1.01532488e-01  1.56455658e+02 -9.33657478e+01 -1.14362385e+02]|MOVE:900.186645080008
[ 8.78830884e-01  7.81209835e-01  1.03149698e-01  1.57461827e+02 -9.30407224e+01 -1.13119169e+02]|MOVE:900.186645080008
[ 9.53829739e-01  8.46417181e-01  1.06518390e-01  1.63286984e+02 -9.30453882e+01 -1.07293475e+02]|MOVE:900.186645080008
[ 0.9762226   0.8441447   0.10703332  5.44331695 79.98592662 84.95480493]|TURN:2221
[ 0.92127101  0.76558867  0.10546656  6.17689316 81.75769897 84.53819666]|MOVE:900.186645080008
[ 9.22759255e-01  7.64081680e-01  1.04753689e-01  1.78342165e+02  1.07180256e+02 -8.78678724e+01]|TURN:332
[ 8.36525274e-01  7.27019435e-01  9.96253677e-02 -1.79693524e+02  1.09351267e+02 -8.91373281e+01]|MOVE:900.186645080008
[ 8.35770121e-01  7.28470069e-01  9.92300091e-02  1.33589288e+02  9.03922992e+01 -4.24754599e+01]|TURN:-250
[ 0.77132004  0.65775821  0.10035015 23.46174603 88.77370044 67.39445508]|MOVE:900.186645080008
[ 0.70397794  0.5898247   0.09803996 30.30880972 88.12447109 60.16375663]|MOVE:900.186645080008
[ 0.63589906  0.52250341  0.09416598 26.12837172 88.34433981 64.55842862]|MOVE:900.186645080008
[ 0.56859774  0.4533142   0.09140305 22.22834487 88.04501635 68.79578208]|MOVE:900.186645080008
[ 0.50219936  0.38393175  0.08947461 29.60709033 87.94578141 60.83166645]|MOVE:900.186645080008
[ 5.03900700e-01  3.82344051e-01  9.03644716e-02  1.68256790e+02  9.53182885e+01 -7.79371575e+01]|TURN:102
[ 4.32905160e-01  3.20535668e-01  9.16616465e-02  1.68569873e+02  9.66909062e+01 -7.76742613e+01]|MOVE:900.186645080008
[ 4.37244904e-01  3.13702288e-01  9.31786196e-02  1.01882181e+01 -8.89379078e+01  9.92069392e+01]|TURN:2226
[ 5.14310057e-01  3.75646133e-01  9.38084383e-02  1.38469158e+01 -8.81463457e+01  1.03254367e+02]|MOVE:900.186645080008
[ 5.15524551e-01  3.74513791e-01  9.37763616e-02  1.78093289e+02 -1.01178163e+02 -9.24594649e+01]|TURN:-165
[ 5.75350172e-01  4.52341410e-01  9.26959163e-02  1.76804962e+02 -1.03891285e+02 -9.35967714e+01]|MOVE:900.186645080008
[ 6.35424098e-01  5.29501173e-01  9.59551722e-02  1.78184464e+02 -1.04984828e+02 -9.21919673e+01]|MOVE:900.186645080008
[ 6.36453918e-01  5.29848567e-01  9.62934408e-02  1.76689667e+02 -9.88572447e+01 -9.38683835e+01]|TURN:83
[ 7.02753690e-01  6.04786831e-01  9.61215742e-02  1.75173609e+02 -9.74353511e+01 -9.50234892e+01]|MOVE:900.186645080008
[ 7.72523002e-01  6.73919416e-01  9.96904172e-02  1.72845471e+02 -9.79517518e+01 -9.79945658e+01]|MOVE:900.186645080008
[ 8.41371244e-01  7.45063163e-01  1.01698422e-01  1.72007979e+02 -9.77926889e+01 -9.88362818e+01]|MOVE:900.186645080008
[ 9.09873891e-01  8.16696738e-01  1.04242438e-01  1.74095011e+02 -9.79796711e+01 -9.63582536e+01]|MOVE:900.186645080008
[ 9.80386134e-01  8.84262193e-01  1.10079271e-01  1.76291085e+02 -9.85846376e+01 -9.41298810e+01]|MOVE:900.186645080008
[ 1.00203993  0.88523789  0.10958323  5.33939444 75.90363832 85.26020521]|TURN:2249
[ 0.95319906  0.80448605  0.10715384  5.174941   76.89398677 85.47852579]|MOVE:900.186645080008
[ 9.54495236e-01  8.01700915e-01  1.06392866e-01  1.76927118e+02  1.04997731e+02 -8.63710696e+01]|TURN:364
[ 8.70690875e-01  7.59820480e-01  1.02019806e-01  1.78903791e+02  1.06948100e+02 -8.76600025e+01]|MOVE:900.186645080008
[ 8.70778737e-01  7.59198764e-01  1.02845150e-01  1.53040006e+02  9.14260477e+01 -6.18503050e+01]|TURN:-199
[ 8.04482549e-01  6.91154984e-01  1.03188500e-01  1.56019308e+02  9.10962713e+01 -6.52637987e+01]|MOVE:900.186645080008
[ 7.34637322e-01  6.25576312e-01  1.01103419e-01  1.33557164e+02  9.09892655e+01 -4.29290176e+01]|MOVE:900.186645080008
[ 6.62453861e-01  5.63600246e-01  9.60252536e-02  1.34963911e+02  9.10031249e+01 -4.44227567e+01]|MOVE:900.186645080008
[ 5.90687925e-01  4.99467371e-01  9.22290847e-02  1.57058911e+02  9.15356961e+01 -6.62504140e+01]|MOVE:900.186645080008
[ 5.19026989e-01  4.34508381e-01  8.93123704e-02  1.50169698e+02  9.12784901e+01 -5.94547840e+01]|MOVE:900.186645080008
[ 0.51829697  0.43447102  0.08908078  9.93611197 84.97534836 80.88712136]|TURN:-86
[ 0.45731004  0.35987395  0.08781585 10.34769038 83.54217301 80.58864868]|MOVE:900.186645080008
[ 4.65040291e-01  3.44482398e-01  9.20782436e-02  2.75873516e+01 -8.86093756e+01  1.16655834e+02]|TURN:-2197
[ 5.43306759e-01  4.05397688e-01  9.35491400e-02  1.34944265e+02 -9.08612729e+01 -1.35682168e+02]|MOVE:900.186645080008
[ 5.44376080e-01  4.05221901e-01  9.24335243e-02  1.78332079e+02 -1.09911809e+02 -9.21032333e+01]|TURN:-245
[ 5.93974539e-01  4.87815891e-01  9.50595799e-02  1.78087556e+02 -1.12651889e+02 -9.24147420e+01]|MOVE:900.186645080008
[ 5.94055371e-01  4.89029794e-01  9.46697663e-02  1.75405411e+02 -1.00506524e+02 -9.52355790e+01]|TURN:163
[ 6.57658083e-01  5.65165878e-01  9.48139466e-02  1.75335861e+02 -9.87784753e+01 -9.48465992e+01]|MOVE:900.186645080008
[ 6.57922371e-01  5.66171475e-01  9.45298199e-02  1.65453539e+02 -9.30569142e+01 -1.04863939e+02]|TURN:78
[ 7.32936781e-01  6.31369809e-01  9.63539696e-02  1.57920681e+02 -9.23543685e+01 -1.12531442e+02]|MOVE:900.186645080008
[ 8.09362079e-01  6.94399645e-01  9.95207096e-02  1.50250870e+02 -9.24075638e+01 -1.20420793e+02]|MOVE:900.186645080008
[ 8.10818636e-01  6.94150714e-01  9.96592037e-02  1.73101563e+02 -9.97825957e+01 -9.75303511e+01]|TURN:-98
[ 8.74266270e-01  7.68698197e-01  1.01606155e-01  1.74109435e+02 -1.01312082e+02 -9.64380170e+01]|MOVE:900.186645080008
[ 9.38717440e-01  8.43112066e-01  1.05776839e-01  1.77675939e+02 -1.02047571e+02 -9.27514518e+01]|MOVE:900.186645080008
[ 9.58412440e-01  8.37208892e-01  1.07985963e-01  1.79112165e+02  1.33885543e+02 -8.86119190e+01]|TURN:-1593
[ 8.59188589e-01  8.48439210e-01  9.93032372e-02  1.79450584e+02  1.32307959e+02 -8.87403114e+01]|MOVE:900.186645080008
[ 7.62934039e-01  8.53601038e-01  9.53388721e-02  1.79621708e+02  1.32170860e+02 -8.93542218e+01]|MOVE:900.186645080008
[ 6.67724379e-01  8.53637947e-01  9.45315242e-02  1.79741495e+02  1.32070500e+02 -8.87875840e+01]|MOVE:900.186645080008
[ 6.68615733e-01  8.51964630e-01  9.56003838e-02  1.79886672e+02  1.37962238e+02 -8.90308165e+01]|TURN:83
[ 5.76688406e-01  8.62207349e-01  9.73638186e-02 -7.19866714e+01  1.39766051e+02 -8.92586000e+01]|MOVE:900.186645080008
[ 4.83207051e-01  8.74485483e-01  9.77639141e-02  1.79714455e+02  1.39602221e+02 -8.90183017e+01]|MOVE:900.186645080008
[ 3.86634014e-01  8.88646372e-01  9.60638918e-02  1.79964007e+02  1.39898660e+02 -8.90997083e+01]|MOVE:900.186645080008
[ 0.38537183  0.89363108  0.09514061  2.55037613 39.61884781 88.87444825]|TURN:-1277
[ 0.39414059  0.79390587  0.0924871   2.36310389 37.40493269 88.9515759 ]|MOVE:900.186645080008
[ 0.40751622  0.68991656  0.0902327   2.09336352 36.29176844 89.60522448]|MOVE:900.186645080008
[ 0.40812441  0.68945421  0.09006755  2.10920887 41.56151496 89.47764796]|TURN:73
[ 0.41364751  0.58594746  0.08914359  2.36319154 43.49733885 89.0433012 ]|MOVE:900.186645080008
[ 0.41955693  0.47769017  0.08996993  2.02014098 43.53672885 89.2738385 ]|MOVE:900.186645080008
[ 0.4252338   0.37173415  0.09034642  2.13822572 43.0642013  89.07202919]|MOVE:900.186645080008
[  0.42561      0.36476417   0.091826     1.52811946 -36.53151004  89.96484034]|TURN:-1024
[  0.52864538   0.33836543   0.09301645   1.79171638 -37.78187531  90.4476548 ]|MOVE:900.186645080008
[  0.52989137   0.3366887    0.09327585   2.0288695  -52.78598925  90.46336979]|TURN:-191
[  0.63517257   0.33909302   0.0951484    1.92808245 -54.47501225  91.10396156]|MOVE:900.186645080008
[  0.73667901   0.34726923   0.09435796   1.85919811 -55.76982349  91.17723314]|MOVE:900.186645080008
[  0.73736991   0.34852376   0.09343148   1.83132702 -44.76713434  90.77819721]|TURN:145
[  0.84103383   0.33660844   0.09395411   1.8076121  -43.19074206  90.55827503]|MOVE:900.186645080008
[  0.94576852   0.32188216   0.09372425   1.83621625 -42.61130662  90.88878304]|MOVE:900.186645080008
[ 9.55039491e-01  3.10457725e-01  9.43669265e-02  1.79448776e+02 -1.36186373e+02 -9.09843975e+01]|TURN:-1186
[ 9.61662678e-01  4.07034737e-01  9.61388221e-02  1.79446132e+02 -1.38689490e+02 -9.04744275e+01]|MOVE:900.186645080008
[ 9.63102081e-01  4.06022618e-01  9.63164259e-02  1.79397746e+02 -1.46469702e+02 -9.03161212e+01]|TURN:-101
[ 9.52658526e-01  4.96442182e-01  1.00175853e-01  1.79903368e+02 -1.48601679e+02 -9.02962100e+01]|MOVE:900.186645080008
[ 9.52757527e-01  4.96300681e-01  1.00534312e-01  1.79578699e+02 -1.39270720e+02 -9.05836522e+01]|TURN:128
[ 9.55059641e-01  5.94246299e-01  1.01361440e-01  1.79474461e+02 -1.37764209e+02 -9.05818472e+01]|MOVE:900.186645080008
[ 9.59365389e-01  6.90050196e-01  1.04435170e-01  1.79744346e+02 -1.37586514e+02 -9.09075931e+01]|MOVE:900.186645080008
[ 9.64876833e-01  7.86082032e-01  1.08117653e-01  1.79621955e+02 -1.37607007e+02 -9.07458959e+01]|MOVE:900.186645080008
[ 9.64846791e-01  7.86602764e-01  1.08345590e-01  1.79728057e+02 -1.31123894e+02 -9.08785926e+01]|TURN:91
[ 9.81516063e-01  8.82287403e-01  1.10550788e-01  1.79642454e+02 -1.29620926e+02 -9.05467443e+01]|MOVE:900.186645080008
[ 9.95620944e-01  8.83489597e-01  1.09919382e-01  1.78484256e+02  1.32714420e+02 -8.85163136e+01]|TURN:-1256
[ 8.99905839e-01  8.89099102e-01  1.04469713e-01  1.78843514e+02  1.30572513e+02 -8.84592896e+01]|MOVE:900.186645080008
[ 8.97472461e-01  8.93180844e-01  1.01658196e-01  1.78603767e+02  1.25930910e+02 -8.81278188e+01]|TURN:-69
[ 8.02315097e-01  8.88692180e-01  9.72932486e-02  1.79354643e+02  1.25218182e+02 -8.89335177e+01]|MOVE:900.186645080008
[ 7.07828396e-01  8.77429204e-01  9.57469793e-02  1.79222545e+02  1.24397115e+02 -8.84585501e+01]|MOVE:900.186645080008
[ 7.08648920e-01  8.74869623e-01  9.67206563e-02  1.79719072e+02  1.31453325e+02 -8.90564337e+01]|TURN:99
[ 6.16411046e-01  8.73406011e-01  9.74283149e-02  1.79845593e+02  1.33454186e+02 -8.87858200e+01]|MOVE:900.186645080008
[ 6.16304984e-01  8.72564076e-01  9.77443227e-02  1.79898698e+02  1.37599451e+02 -8.90014945e+01]|TURN:65
[ 5.23867164e-01  8.82431681e-01  9.82261143e-02  1.79698955e+02  1.38921470e+02 -8.90270825e+01]|MOVE:900.186645080008
[ 5.23695194e-01  8.82333745e-01  9.84593007e-02  1.79549824e+02  1.34321907e+02 -8.87784680e+01]|TURN:-67
[ 4.28430066e-01  8.84554639e-01  9.75671203e-02  1.79644580e+02  1.32003309e+02 -8.85730691e+01]|MOVE:900.186645080008
[ 0.42577634  0.88983556  0.09658663  2.71234787 43.35897492 88.34506242]|TURN:-1135
[ 0.42845655  0.79027046  0.09351191  2.34256112 41.41419719 88.95143191]|MOVE:900.186645080008
[ 0.43409736  0.68759388  0.09068368  2.50557856 40.43479102 89.33294319]|MOVE:900.186645080008
[ 0.43421258  0.68716484  0.09040257  2.64434806 45.72946651 89.00056086]|TURN:72
[ 0.43361098  0.58280894  0.09012398  2.48461029 47.65262406 88.80939962]|MOVE:900.186645080008
[ 0.43184493  0.47653756  0.09061184  2.1092157  48.41580934 88.96399237]|MOVE:900.186645080008
[ 0.42898897  0.37160054  0.0906236   2.47437319 48.1361512  88.80903241]|MOVE:900.186645080008
[ 4.31390846e-01  3.59897449e-01  9.10877772e-02  5.17849025e+00 -8.41731602e+01  9.44215992e+01]|TURN:-1691
[ 5.13719830e-01  4.13660633e-01  9.25333311e-02  1.15540285e+01 -8.60427244e+01  1.00669874e+02]|MOVE:900.186645080008
[ 5.15680362e-01  4.12912803e-01  9.23059968e-02  1.77210320e+02 -1.04023108e+02 -9.34716011e+01]|TURN:-234
[ 5.72899867e-01  4.91399577e-01  9.31619637e-02  1.76924959e+02 -1.06864673e+02 -9.33938286e+01]|MOVE:900.186645080008
[ 5.73203595e-01  4.92057802e-01  9.30658807e-02  1.73345284e+02 -9.85906820e+01 -9.70586489e+01]|TURN:113
[ 6.40499957e-01  5.66102739e-01  9.37151171e-02  1.73525950e+02 -9.67970916e+01 -9.66283008e+01]|MOVE:900.186645080008
[ 6.40535830e-01  5.67757805e-01  9.28719938e-02  1.59611412e+02 -9.20276636e+01 -1.10514452e+02]|TURN:64
[ 7.16316215e-01  6.32063318e-01  9.42562416e-02  1.31935437e+02 -9.09319565e+01 -1.38642040e+02]|MOVE:900.186645080008
[ 7.95319506e-01  6.93938494e-01  9.72062007e-02  1.20106500e+02 -9.08379829e+01 -1.50480020e+02]|MOVE:900.186645080008
[ 7.96827909e-01  6.92654378e-01  9.77014216e-02  1.69583573e+02 -9.79003755e+01 -1.00927978e+02]|TURN:-89
[ 8.64313258e-01  7.63178767e-01  1.00818412e-01  1.72056099e+02 -9.92475092e+01 -9.84647569e+01]|MOVE:900.186645080008
[ 9.31746696e-01  8.35104954e-01  1.04745101e-01  1.76399571e+02 -1.00292463e+02 -9.40770292e+01]|MOVE:900.186645080008
[ 9.99704550e-01  9.03553065e-01  1.12044775e-01  1.77669115e+02 -1.01776848e+02 -9.27452199e+01]|MOVE:900.186645080008
[ 1.0134984   0.91347641  0.10847295  1.54102644 32.21405177 89.01982729]|TURN:1723
[ 1.03298913  0.82278972  0.10005612  1.66450125 34.19956808 89.34035931]|MOVE:900.186645080008
[ 1.03797287  0.81658285  0.10187749  2.15446713 61.12737329 88.58639976]|TURN:353
[ 1.01322983  0.7153867   0.10256973  1.95243367 62.24118537 89.39880641]|MOVE:900.186645080008
[ 1.01263206  0.71492857  0.1020968   2.05462583 56.80965338 89.44875454]|TURN:-76
[ 0.99492111  0.61607571  0.09988454  1.68392025 54.66831066 89.40706001]|MOVE:900.186645080008
[ 0.99454033  0.61550645  0.09951713  1.63414842 46.83190683 89.636041  ]|TURN:-102
[ 0.99324262  0.51461435  0.09834873  2.04574319 45.11627397 88.66667121]|MOVE:900.186645080008
[ 0.99368096  0.41042418  0.09543035  2.11598452 43.77522838 89.46085858]|MOVE:900.186645080008
[ 0.99415231  0.40956618  0.09515685  2.30159146 50.13853496 89.219696  ]|TURN:86
[ 0.98650266  0.30960616  0.09517941  2.31395412 51.4291913  88.47857197]|MOVE:900.186645080008
[ 9.94968449e-01  2.94378862e-01  9.58865246e-02  1.79649422e+02 -1.35879632e+02 -9.07431266e+01]|TURN:2211
[ 1.00286687e+00  3.91411688e-01  9.62938798e-02  1.79013747e+02 -1.35062655e+02 -9.06168759e+01]|MOVE:900.186645080008
[ 1.00482011e+00  3.90502762e-01  9.72687846e-02  1.79021548e+02 -1.48209445e+02 -9.03534951e+01]|TURN:-171
[ 9.93088318e-01  4.80584095e-01  1.01928121e-01 -1.79944608e+02 -1.49677652e+02 -9.02271425e+01]|MOVE:900.186645080008
[ 9.77359705e-01  5.75495930e-01  1.04321442e-01  1.79678222e+02 -1.50625954e+02 -9.02435387e+01]|MOVE:900.186645080008
[ 9.77700805e-01  5.75290504e-01  1.05246715e-01  1.79547433e+02 -1.41002398e+02 -9.02521503e+01]|TURN:131
[ 9.76497264e-01  6.70012035e-01  1.07081180e-01  1.79866130e+02 -1.39862517e+02 -9.04679900e+01]|MOVE:900.186645080008
[ 9.77245638e-01  7.67208036e-01  1.09297027e-01  1.79847767e+02 -1.39731438e+02 -9.07155642e+01]|MOVE:900.186645080008
[ 9.77672520e-01  8.66017209e-01  1.10580311e-01  1.79638574e+02 -1.40104369e+02 -9.07246798e+01]|MOVE:900.186645080008
[ 9.88644396e-01  8.66526331e-01  1.10569455e-01  1.79074221e+02  1.48854153e+02 -8.92658833e+01]|TURN:-915
[ 8.95666433e-01  8.99848480e-01  1.05967787e-01  1.79416487e+02  1.47652149e+02 -8.87050353e+01]|MOVE:900.186645080008
[ 8.92249909e-01  9.05912146e-01  1.01889985e-01  1.79362814e+02  1.40945489e+02 -8.85946063e+01]|TURN:-79
[ 7.96943326e-01  9.28882789e-01  9.68562189e-02  1.79835770e+02  1.39722023e+02 -8.95995891e+01]|MOVE:900.186645080008
[ 7.01773603e-01  9.43868549e-01  9.54570632e-02  1.79921647e+02  1.39210943e+02 -8.94887485e+01]|MOVE:900.186645080008
[ 7.02740737e-01  9.40721362e-01  9.70149075e-02 -1.79768257e+02  1.51690487e+02 -8.98573277e+01]|TURN:164
[ 6.18381739e-01  9.69496268e-01  1.00068726e-01  1.79764889e+02  1.52919535e+02 -8.92695430e+01]|MOVE:900.186645080008
[ 6.22362289e-01  9.72276424e-01  1.01119362e-01  1.70545563e+02  9.57467091e+01 -7.98964159e+01]|TURN:-732
[ 5.47407947e-01  9.12492166e-01  9.87045443e-02  1.65360770e+02  9.39835132e+01 -7.42538066e+01]|MOVE:900.186645080008
[ 4.73201567e-01  8.51431908e-01  9.58729833e-02  1.57546009e+02  9.27522391e+01 -6.66609019e+01]|MOVE:900.186645080008
[ 4.00732030e-01  7.87496481e-01  9.37296467e-02  1.54887324e+02  9.21988290e+01 -6.38257418e+01]|MOVE:900.186645080008
[ 3.29690077e-01  7.21973724e-01  9.19410958e-02  1.50307161e+02  9.20227338e+01 -5.93089734e+01]|MOVE:900.186645080008
[ 0.32701981  0.72149566  0.09177665  2.47108123 33.47732456 89.16676065]|TURN:-749
[3.46881392e-01 6.19716530e-01 8.93635415e-02 2.18780549e+00 3.19393744e+01 8.98505211e+01]|MOVE:900.186645080008
[3.69091110e-01 5.16525372e-01 8.89798307e-02 2.28190716e+00 3.12955800e+01 8.94816288e+01]|MOVE:900.186645080008
[3.93296476e-01 4.10489809e-01 8.80280833e-02 2.21442676e+00 3.11193166e+01 8.96272194e+01]|MOVE:900.186645080008
[ 0.42055521  0.3063873   0.09028776  1.69272804 30.9350456  89.03762982]|MOVE:900.186645080008
[  0.42404583   0.29797174   0.09197035   1.8746942  -29.69871957  90.47464758]|TURN:-777
[  0.52634446   0.25969204   0.09511519   1.98005483 -31.54056404  90.48881654]|MOVE:900.186645080008
[  0.52807154   0.25825623   0.09531479   2.13569214 -45.2643823  90.73223721]|TURN:-181
[  0.63215272   0.24737726   0.09700786   2.41385649 -46.4074806  90.65720155]|MOVE:900.186645080008
[  0.73622234   0.23956861   0.09638275   2.33299342 -46.94763081  91.21928099]|MOVE:900.186645080008
[  0.73746652   0.24059417   0.09495022   2.12747218 -31.09683091  90.73566843]|TURN:211
[  0.83596695   0.20527767   0.09521732   1.8554499  -29.74329279  90.06785271]|MOVE:900.186645080008
[ 8.41403549e-01  1.98373667e-01  9.32357075e-02  1.68688287e+02 -9.66864812e+01 -1.02274601e+02]|TURN:-859
[ 9.11424036e-01  2.67163282e-01  9.59050492e-02  1.74158356e+02 -9.81771221e+01 -9.59113009e+01]|MOVE:900.186645080008
[ 9.13679982e-01  2.65524086e-01  9.68797144e-02  1.77997473e+02 -1.10553573e+02 -9.20174783e+01]|TURN:-167
[ 9.61025401e-01  3.50866358e-01  9.74859930e-02  1.79433578e+02 -1.12789514e+02 -9.06729479e+01]|MOVE:900.186645080008
[ 9.60743240e-01  3.52706648e-01  9.66869024e-02  1.79152697e+02 -1.03544941e+02 -9.13354376e+01]|TURN:126
[ 1.02125213e+00  4.28854814e-01  9.73654478e-02  1.73922606e+02 -1.03059555e+02 -9.65396069e+01]|MOVE:900.186645080008
[ 1.02187613e+00  4.29243830e-01  9.78568544e-02  1.70028920e+02 -9.77417508e+01 -1.00482620e+02]|TURN:78
[ 1.08985028e+00  5.00648125e-01  9.92256313e-02  1.72185151e+02 -9.70635720e+01 -9.82786634e+01]|MOVE:900.186645080008
[ 1.09872185e+00  4.94035719e-01  1.01078819e-01  1.79409508e+02 -1.54985953e+02 -9.09775374e+01]|TURN:-747
[ 1.07360943e+00  5.86483901e-01  1.03671396e-01  1.79554336e+02 -1.56434021e+02 -8.97721700e+01]|MOVE:900.186645080008
[ 1.07415238e+00  5.86691047e-01  1.03794597e-01  1.79541359e+02 -1.62360329e+02 -8.96550806e+01]|TURN:-79
[ 1.03736648e+00  6.73818928e-01  1.05509248e-01 -1.43980140e+02 -1.63662271e+02 -9.03037710e+01]|MOVE:900.186645080008
[ 1.03725033e+00  6.73957117e-01  1.05527703e-01 -1.43984136e+02 -1.56357759e+02 -9.02983431e+01]|TURN:99
[ 1.01116075e+00  7.65774611e-01  1.07943455e-01  1.79724162e+02 -1.55677091e+02 -9.05604230e+01]|MOVE:900.186645080008
[ 9.84699703e-01  8.60374978e-01  1.09458230e-01 -1.07991926e+02 -1.55775664e+02 -8.97237123e+01]|MOVE:900.186645080008
[ 0.99682062  0.86563267  0.10899433  3.20020494 57.41438879 87.43285108]|TURN:-1873
[ 0.97921235  0.76859997  0.10717469  2.76441785 55.16459521 87.76484624]|MOVE:900.186645080008
[ 0.98055996  0.76813311  0.10631856  3.12337139 68.6858671  87.23879061]|TURN:178
[ 0.94130198  0.6798132   0.10233222  2.62402522 70.04512349 88.35213811]|MOVE:900.186645080008
[ 0.94058079  0.68005616  0.10144502  2.28517746 64.03304203 88.82851995]|TURN:-83
[ 0.90970475  0.58731401  0.09791143  2.81641563 62.72215058 88.04458317]|MOVE:900.186645080008
[ 0.88052207  0.4907728   0.09689152  1.76246128 63.04267911 88.94842753]|MOVE:900.186645080008
[ 0.85136481  0.39103618  0.09701956  2.66668818 63.16815589 88.67854478]|MOVE:900.186645080008
[ 0.8228893   0.29557444  0.09689709  1.79338125 63.31656164 88.53847825]|MOVE:900.186645080008
[ 0.7895194   0.20157835  0.09328943  1.82251227 64.44090615 89.07660897]|MOVE:900.186645080008
[ 7.98196711e-01  1.89645127e-01  9.39787383e-02 -7.19783174e+01  1.79422239e+02 -9.04158169e+01]|TURN:1473
[ 7.37402052e-01  2.62533933e-01  9.52435131e-02  1.79530601e+02 -1.79573445e+02 -8.97883208e+01]|MOVE:900.186645080008
[ 6.76747560e-01  3.36735908e-01  9.68231442e-02  1.79394436e+02 -1.79393194e+02 -8.96601450e+01]|MOVE:900.186645080008
[ 6.77265007e-01  3.36972942e-01  9.69727712e-02  1.79378640e+02  1.75789299e+02 -8.94651238e+01]|TURN:-68
[ 6.10448098e-01  4.04360266e-01  9.77455232e-02  1.79746862e+02  1.74688601e+02 -8.94701745e+01]|MOVE:900.186645080008
[ 5.40260710e-01  4.71983382e-01  9.77644885e-02 -1.79935023e+02  1.74639853e+02 -8.96986518e+01]|MOVE:900.186645080008
[ 4.70751808e-01  5.40259811e-01  9.73427762e-02  1.79885575e+02  1.74742149e+02 -8.95310561e+01]|MOVE:900.186645080008
[ 3.98941095e-01  6.08973051e-01  9.63125798e-02  1.79922207e+02  1.74733301e+02 -8.92054018e+01]|MOVE:900.186645080008
[ 3.29807161e-01  6.75763398e-01  9.65119805e-02 -1.79728517e+02  1.74781086e+02 -8.96586666e+01]|MOVE:900.186645080008
[  0.3313655    0.68126849   0.09580157   2.0135753  -38.29311617  90.26280506]|TURN:1880
[  0.43441721   0.65715815   0.09747047   1.86099677 -37.23982629  90.10757349]|MOVE:900.186645080008
[  0.53805701   0.632119     0.09917079   1.88600666 -37.51812822  90.04538053]|MOVE:900.186645080008
[  0.64049137   0.60971172   0.09844337   1.69620174 -37.7844167  90.32891662]|MOVE:900.186645080008
[  0.7434567    0.58674967   0.09815541   1.55674933 -37.79348354  90.32170568]|MOVE:900.186645080008
[  0.84813819   0.56223683   0.09911931   1.52348837 -37.58345981  90.64343108]|MOVE:900.186645080008
[  0.95027638   0.53911062   0.09724083   2.29544948 -37.65012775  91.01777552]|MOVE:900.186645080008
[  1.05452998   0.51483813   0.09792665   2.37565755 -38.3220072  91.65431698]|MOVE:900.186645080008
[ 1.07405305e+00  5.05564467e-01  9.89511861e-02  1.78754902e+02  1.09643999e+02 -8.84844113e+01]|TURN:1884
[ 9.87971164e-01  4.68604100e-01  9.63954860e-02 -1.79874023e+02  1.10756567e+02 -8.85053594e+01]|MOVE:900.186645080008
[ 9.88235225e-01  4.66099199e-01  9.66409616e-02 -1.79059988e+02  1.29691985e+02 -8.99010918e+01]|TURN:250
[ 8.93391996e-01  4.61557658e-01  9.55736254e-02  1.79824441e+02  1.30889711e+02 -8.84693072e+01]|MOVE:900.186645080008
[ 8.93634279e-01  4.62032067e-01  9.57360764e-02  1.79232420e+02  1.19050406e+02 -8.78186288e+01]|TURN:-158
[ 8.03064174e-01  4.38691282e-01  9.43720670e-02  1.79690235e+02  1.18202098e+02 -8.86306621e+01]|MOVE:900.186645080008
[ 7.12178646e-01  4.13685002e-01  9.40022835e-02  1.79269245e+02  1.17674221e+02 -8.83864740e+01]|MOVE:900.186645080008
[ 6.23442490e-01  3.88038634e-01  9.40665579e-02  1.78340824e+02  1.16623533e+02 -8.79340632e+01]|MOVE:900.186645080008
[ 5.32246805e-01  3.61468903e-01  9.25412451e-02  1.78247846e+02  1.16278256e+02 -8.74974471e+01]|MOVE:900.186645080008
[ 4.40831012e-01  3.34896448e-01  9.10692757e-02  1.78213654e+02  1.16088697e+02 -8.72247639e+01]|MOVE:900.186645080008
[ 4.45826427e-01  3.25488733e-01  9.47535297e-02 -1.79401685e+02 -1.25573276e+02 -9.02616220e+01]|TURN:1506
[ 4.67497073e-01  4.22311184e-01  9.38036958e-02  1.79862121e+02 -1.25206283e+02 -9.04761829e+01]|MOVE:900.186645080008
[ 4.89019811e-01  5.18085574e-01  9.35077780e-02  1.79689320e+02 -1.25675097e+02 -9.09382718e+01]|MOVE:900.186645080008
[ 5.13040755e-01  6.14346693e-01  9.45422730e-02  1.79808342e+02 -1.26177895e+02 -9.05634251e+01]|MOVE:900.186645080008
[ 5.32150902e-01  7.14052192e-01  9.27265375e-02  1.78921618e+02 -1.27061459e+02 -9.18009309e+01]|MOVE:900.186645080008
[ 5.52722907e-01  8.12104229e-01  9.36675010e-02  1.79011676e+02 -1.27851374e+02 -9.15301003e+01]|MOVE:900.186645080008
[ 5.75793567e-01  9.07327226e-01  9.66833519e-02  1.78767325e+02 -1.28424855e+02 -9.13775964e+01]|MOVE:900.186645080008
[ 5.96963531e-01  1.00348749e+00  9.98239655e-02  1.78842176e+02 -1.28916686e+02 -9.12807295e+01]|MOVE:900.186645080008
[  0.60369492   1.00748129   0.10134738   1.38626447 -35.71358524  90.46911845]|TURN:1195
[  0.7037887    0.98259446   0.10094535   1.6179757  -33.99852429  90.47184766]|MOVE:900.186645080008
[  0.70486402   0.98345297   0.1002748    1.71923229 -25.67062953  90.23575096]|TURN:108
[  0.80185143   0.94118302   0.1000414    1.61090756 -23.80818397  90.44260961]|MOVE:900.186645080008
[  0.80197225   0.94266184   0.09865753   1.67846061 -28.34696013  90.66449408]|TURN:-63
[  0.90294496   0.9034405    0.100482     1.75354764 -30.21868208  90.63464893]|MOVE:900.186645080008
[  0.90477847   0.90149972   0.10105215   1.74197214 -36.00415137  90.7388653 ]|TURN:-75
[  1.00837107   0.87401624   0.10355481   1.90401087 -37.51445264  90.69136329]|MOVE:900.186645080008
[ 1.03531408e+00  8.56901922e-01  1.09358935e-01  1.79695210e+02  1.52056070e+02 -8.96318262e+01]|TURN:-2183
[ 9.47703374e-01  8.90257848e-01  1.08322028e-01  1.79872342e+02  1.50831349e+02 -8.94902191e+01]|MOVE:900.186645080008
[ 9.47490685e-01  8.88377406e-01  1.09202373e-01 -1.79944137e+02  1.58568683e+02 -8.92981042e+01]|TURN:112
[ 8.66750912e-01  9.28411071e-01  1.12298759e-01  1.79852922e+02  1.60320334e+02 -8.89897741e+01]|MOVE:900.186645080008
[ 7.83480931e-01  9.79242917e-01  1.09890306e-01  1.79635506e+02  1.61433417e+02 -8.98136039e+01]|MOVE:900.186645080008
[ 7.82627062e-01  9.84679313e-01  1.07448023e-01  1.79634928e+02  1.44335396e+02 -8.94573806e+01]|TURN:-219
[ 6.82905483e-01  1.01814151e+00  9.88182151e-02  1.79771672e+02  1.43215656e+02 -8.87931054e+01]|MOVE:900.186645080008
[ 6.85094164e-01  1.02079579e+00  9.95797369e-02  1.70052975e+02  9.59811079e+01 -7.93215475e+01]|TURN:-606
[ 6.14077532e-01  9.57501149e-01  1.00194951e-01  1.70360964e+02  9.45602179e+01 -7.96662439e+01]|MOVE:900.186645080008
[ 6.16953306e-01  9.54775624e-01  1.01273356e-01  1.78942204e+02  1.14344282e+02 -8.85387322e+01]|TURN:259
[ 5.26919099e-01  9.24690795e-01  1.00017011e-01  1.78384816e+02  1.15749194e+02 -8.75097855e+01]|MOVE:900.186645080008
[ 4.33634207e-01  8.97302777e-01  9.72599359e-02  1.78782519e+02  1.16157528e+02 -8.76780053e+01]|MOVE:900.186645080008
[ 0.43255676  0.8999777   0.09751941  3.98903549 67.66413404 86.64959363]|TURN:-622
[ 0.3981846   0.80703499  0.09691662  3.82032408 66.08225178 86.71360469]|MOVE:900.186645080008
[ 0.36464321  0.71102645  0.09571658  3.68718731 65.96166058 87.37933082]|MOVE:900.186645080008
[ 0.36574398  0.70948511  0.09592665  4.82264772 76.7202156  85.95528996]|TURN:137
[ 0.31421534  0.62788195  0.0941984   6.1195529  78.52278049 84.89333838]|MOVE:900.186645080008
[ 0.30995263  0.62913301  0.09240248  2.20949031 29.22433511 89.50662814]|TURN:-624
[3.33303687e-01 5.30822633e-01 8.85566841e-02 2.00715104e+00 2.79973219e+01 8.98265501e+01]|MOVE:900.186645080008
[3.31656206e-01 5.30758928e-01 8.72911597e-02 2.06523105e+00 1.80436621e+01 8.99814627e+01]|TURN:-129
[3.78416754e-01 4.32440074e-01 8.67532229e-02 2.20745926e+00 1.60736182e+01 9.03495215e+01]|MOVE:900.186645080008
[3.80197096e-01 4.30787234e-01 8.75856571e-02 1.98952763e+00 2.14241632e+01 9.02556528e+01]|TURN:76
[4.20986170e-01 3.30978462e-01 8.90055742e-02 1.35303331e+00 2.33054814e+01 8.98446492e+01]|MOVE:900.186645080008
[  0.42266228   0.32609676   0.09055221   2.10946349 -17.13522167  90.28825445]|TURN:-530
[  0.51770895   0.26740494   0.09413825   2.50530896 -19.00749199  90.71961637]|MOVE:900.186645080008
[  0.51909088   0.26589691   0.09386414   2.16372628 -31.76656085  90.93774337]|TURN:-164
[  0.61764615   0.2333277    0.0938541    2.2898502  -33.38397993  90.62281024]|MOVE:900.186645080008
[  0.71932723   0.2020399    0.09356786   2.09363226 -34.00896456  90.81103931]|MOVE:900.186645080008
[ 7.21129847e-01  1.98660221e-01  9.19606450e-02  4.94550883e+00 -7.36048968e+01  9.38060336e+01]|TURN:-512
[ 8.14059634e-01  2.36708269e-01  9.23397883e-02  5.88005614e+00 -7.52618772e+01  9.48775536e+01]|MOVE:900.186645080008
[ 8.15149175e-01  2.36619105e-01  9.24927342e-02  8.11803275e+00 -7.98954264e+01  9.69825542e+01]|TURN:-67
[ 9.02278484e-01  2.86479477e-01  9.12037351e-02  1.05226972e+01 -8.13713794e+01  1.00225513e+02]|MOVE:900.186645080008
[ 9.03439866e-01  2.87332732e-01  9.08334341e-02  4.98743783e+00 -7.33572079e+01  9.51175532e+01]|TURN:108
[ 9.97374172e-01  3.23148039e-01  9.23168555e-02  4.74792809e+00 -7.20991483e+01  9.41300577e+01]|MOVE:900.186645080008
[ 1.00380612e+00  3.17119388e-01  9.36795454e-02  1.78524291e+02 -1.20452741e+02 -9.17864299e+01]|TURN:-611
[ 1.03734808e+00  4.07886460e-01  9.60677332e-02  1.78490624e+02 -1.22440213e+02 -9.16233285e+01]|MOVE:900.186645080008
[ 1.03887297e+00  4.07263026e-01  9.67978663e-02  1.78820170e+02 -1.29258170e+02 -9.11460339e+01]|TURN:-90
[ 1.05746045e+00  4.99280704e-01  1.00540678e-01  1.79097552e+02 -1.31332151e+02 -9.16712072e+01]|MOVE:900.186645080008
[ 1.05749784e+00  5.00032102e-01  1.00374614e-01  1.78676768e+02 -1.21620821e+02 -9.19493017e+01]|TURN:132
[ 1.09123660e+00  5.91566359e-01  1.03202920e-01  1.78936775e+02 -1.19789558e+02 -9.11048127e+01]|MOVE:900.186645080008
[ 1.09789092e+00  5.87364495e-01  1.04811657e-01  1.79399763e+02 -1.59464219e+02 -9.00562147e+01]|TURN:-510
[ 1.06584862e+00  6.76820864e-01  1.06170914e-01  1.79693107e+02 -1.60837263e+02 -9.03217811e+01]|MOVE:900.186645080008
[ 1.06611128e+00  6.77330947e-01  1.06026217e-01  1.79645754e+02 -1.65557345e+02 -9.02851469e+01]|TURN:-67
[ 1.02497363e+00  7.63343525e-01  1.07703953e-01  1.79671057e+02 -1.66980772e+02 -9.06708251e+01]|MOVE:900.186645080008
[ 1.02473213e+00  7.63474984e-01  1.07891630e-01  1.79764894e+02 -1.61900639e+02 -9.08099853e+01]|TURN:73
[ 9.89754355e-01  8.53792608e-01  1.09354603e-01  1.79917071e+02 -1.60820437e+02 -8.98279038e+01]|MOVE:900.186645080008
[ 1.00084384  0.85913629  0.10877284 56.30519047 89.16835127 33.99567193]|TURN:-1408
[ 0.93590529  0.78875859  0.10793095 28.85118249 87.91940305 61.91544897]|MOVE:900.186645080008
[ 9.36099349e-01  7.88247536e-01  1.07479266e-01  1.69756209e+02  9.53956050e+01 -7.91219987e+01]|TURN:102
[ 8.61242618e-01  7.31128241e-01  1.04171200e-01  1.77000255e+02  9.79861526e+01 -8.58774564e+01]|MOVE:900.186645080008
[ 8.60351661e-01  7.31812196e-01  1.03571466e-01  1.70316117e+02  9.32325550e+01 -7.92073083e+01]|TURN:-67
[ 7.90284311e-01  6.67900556e-01  1.02040783e-01  1.62443391e+02  9.19892495e+01 -7.15052171e+01]|MOVE:900.186645080008
[ 7.17418036e-01  6.05220365e-01  9.87564540e-02  1.32662809e+02  9.10587670e+01 -4.19587383e+01]|MOVE:900.186645080008
[ 6.44705175e-01  5.43192041e-01  9.38670293e-02  1.40550466e+02  9.11732578e+01 -5.00734347e+01]|MOVE:900.186645080008
[ 5.74029594e-01  4.77928012e-01  9.15172940e-02  1.51099907e+02  9.12181319e+01 -6.03571883e+01]|MOVE:900.186645080008
[ 5.02131665e-01  4.11720130e-01  8.85373985e-02  1.29521371e+02  9.06789144e+01 -3.84414608e+01]|MOVE:900.186645080008
[ 0.50067897  0.41212053  0.0877016  12.15529883 85.82791593 79.0389914 ]|TURN:-68
[ 0.43881006  0.33864983  0.08702461 13.87036499 84.86245136 76.98035236]|MOVE:900.186645080008
[  0.44584659   0.32460981   0.09202805   2.50193208 -65.74472023  91.07685138]|TURN:-1920
[  0.54263829   0.35214302   0.09291017   2.16391421 -67.54895508  91.06247969]|MOVE:900.186645080008
[ 5.44777912e-01  3.51425401e-01  9.24904825e-02  5.54427154e+00 -8.38274270e+01  9.47488606e+01]|TURN:-208
[ 6.29097375e-01  4.04564895e-01  9.37232246e-02  1.50573478e+01 -8.59139039e+01  1.04418494e+02]|MOVE:900.186645080008
[ 6.29607711e-01  4.05555227e-01  9.36202573e-02  4.70954240e+00 -7.75165569e+01  9.36970792e+01]|TURN:109
[ 7.20780829e-01  4.48608147e-01  9.40756520e-02  6.55760381e+00 -7.63513006e+01  9.59268222e+01]|MOVE:900.186645080008
[ 8.11868521e-01  4.92097914e-01  9.37329244e-02  6.74772552e+00 -7.59302304e+01  9.60868504e+01]|MOVE:900.186645080008
[ 9.05019465e-01  5.33146758e-01  9.52342783e-02  5.96729670e+00 -7.57263747e+01  9.60210402e+01]|MOVE:900.186645080008
[  0.99767518   0.57343407   0.09761954   4.68690205 -75.89155782  94.26866778]|MOVE:900.186645080008
[  0.99922316   0.57354568   0.09765719   3.4093352  -67.58280701  93.08495411]|TURN:112
[  1.09826237   0.59962661   0.0999591    2.95602029 -66.34734706  92.36441585]|MOVE:900.186645080008
[ 1.12325236e+00  5.88893282e-01  1.04074626e-01  1.78732188e+02  1.32083146e+02 -8.89955841e+01]|TURN:-2082
[ 1.02960298e+00  5.89386884e-01  1.01802619e-01  1.79203103e+02  1.30534546e+02 -8.94121410e+01]|MOVE:900.186645080008
[ 1.02923519e+00  5.88608007e-01  1.01866803e-01  1.79709137e+02  1.39052783e+02 -8.98177123e+01]|TURN:117
[ 9.33426183e-01  6.04747749e-01  9.81831756e-02 -1.43912787e+02  1.40895176e+02 -8.94682926e+01]|MOVE:900.186645080008
[ 9.32826132e-01  6.06240871e-01  9.71614435e-02  1.79962090e+02  1.31909580e+02 -8.92334760e+01]|TURN:-119
[ 8.39112700e-01  6.05839711e-01  9.63183956e-02  1.79904145e+02  1.30707397e+02 -8.97749152e+01]|MOVE:900.186645080008
[ 7.45871025e-01  6.01717709e-01  9.63823466e-02  1.79407051e+02  1.29777985e+02 -8.91443111e+01]|MOVE:900.186645080008
[ 6.50552924e-01  5.98310795e-01  9.48609041e-02  1.79435661e+02  1.28961246e+02 -8.89098243e+01]|MOVE:900.186645080008
[ 5.57768873e-01  5.93333337e-01  9.47078834e-02  1.79519058e+02  1.28685079e+02 -8.91325001e+01]|MOVE:900.186645080008
[ 4.66409038e-01  5.83819063e-01  9.65426758e-02  1.79254614e+02  1.28409547e+02 -8.85065961e+01]|MOVE:900.186645080008
[ 4.66801211e-01  5.82093219e-01  9.71154410e-02  1.79687815e+02  1.39061710e+02 -8.90094860e+01]|TURN:144
[ 3.72057325e-01  5.95792100e-01  9.52624475e-02  1.79877291e+02  1.40467481e+02 -8.89609272e+01]|MOVE:900.186645080008
[ 2.78437771e-01  6.10616904e-01  9.44063242e-02  1.79589521e+02  1.40761785e+02 -8.87990127e+01]|MOVE:900.186645080008
[  0.2791399    0.60794124   0.09456732   3.03344361 -71.35844941  91.65039014]|TURN:1887
[  0.37185629   0.64248939   0.0952436    2.75060447 -70.02832148  91.28712177]|MOVE:900.186645080008
[  0.46917588   0.67530199   0.09673908   3.53637158 -69.98653588  92.44207534]|MOVE:900.186645080008
[  0.56496014   0.70854324   0.09742149   4.46447183 -70.27241666  93.51269488]|MOVE:900.186645080008
[  0.66153221   0.74115806   0.09859457   4.78278259 -70.27640576  94.13286828]|MOVE:900.186645080008
[  0.66164666   0.74155527   0.09824341   5.7847262  -74.81994132  95.10008512]|TURN:-64
[  0.75252743   0.78440567   0.09885277   5.74896369 -76.06227564  95.15571991]|MOVE:900.186645080008
[  0.84507828   0.82776407   0.09950979   6.00055688 -76.6353675  95.64312334]|MOVE:900.186645080008
[  0.93856218   0.86814196   0.10319612   5.04195564 -77.05504978  94.35629641]|MOVE:900.186645080008
[ 9.59755708e-01  8.55104482e-01  1.08533989e-01  1.79489729e+02  1.56397240e+02 -8.94078897e+01]|TURN:-1608
[ 8.76244340e-01  8.92941215e-01  1.09957139e-01  1.79427457e+02  1.55478029e+02 -8.89749494e+01]|MOVE:900.186645080008
[ 8.75786768e-01  8.92955277e-01  1.09618541e-01  1.79424483e+02  1.64546280e+02 -8.92776416e+01]|TURN:120
[ 7.96735824e-01  9.49165479e-01  1.07942067e-01  1.79243161e+02  1.66170447e+02 -8.97340830e+01]|MOVE:900.186645080008
[ 7.97271357e-01  9.49374667e-01  1.08095147e-01  1.79286805e+02  1.58791508e+02 -8.96936253e+01]|TURN:-95
[ 7.13022871e-01  9.93595120e-01  1.07461767e-01  1.79541097e+02  1.57772037e+02 -8.94817205e+01]|MOVE:900.186645080008
[ 0.71156729  1.00648688  0.1038086   2.22856837 42.58793279 88.3585884 ]|TURN:-1473
[ 0.71677719  0.90644028  0.10051821  2.14629379 41.43655439 88.7879808 ]|MOVE:900.186645080008
[ 0.72371419  0.80423847  0.09815951  2.04496253 41.39555414 88.66374178]|MOVE:900.186645080008
[ 0.72410918  0.80390042  0.0980887   2.08433965 46.64001399 88.47062717]|TURN:77
[ 0.72058076  0.70064302  0.09607561  1.83525727 48.2415765  89.4508004 ]|MOVE:900.186645080008
[ 0.71527105  0.59880791  0.09333869  1.69735611 48.67119349 89.23606528]|MOVE:900.186645080008
[ 0.70979975  0.49486983  0.09344217  1.72164964 49.70336801 88.85359033]|MOVE:900.186645080008
[ 0.70385254  0.39035433  0.0933258   1.38148579 50.29471991 89.6940348 ]|MOVE:900.186645080008
[ 0.69758347  0.28805901  0.09504386  2.00098501 50.49334599 88.60243707]|MOVE:900.186645080008
[ 0.69720946  0.28713784  0.09477962  1.93660042 46.11783941 88.79448698]|TURN:-63
[ 0.69766261  0.18400589  0.09261513  1.61997068 45.03342707 89.71069909]|MOVE:900.186645080008
[ 7.03444233e-01  1.68556256e-01  9.25648104e-02  1.78102663e+02 -1.09493777e+02 -9.27501354e+01]|TURN:-1986
[ 7.53453536e-01  2.50670710e-01  9.37662020e-02  1.78512200e+02 -1.11044351e+02 -9.19163142e+01]|MOVE:900.186645080008
[ 7.55951974e-01  2.49409569e-01  9.35086021e-02  1.79483620e+02 -1.29799492e+02 -9.12206696e+01]|TURN:-251
[ 7.73397868e-01  3.45505837e-01  9.41303972e-02  1.79111333e+02 -1.31375124e+02 -9.02937874e+01]|MOVE:900.186645080008
[ 7.73438164e-01  3.46097970e-01  9.43749231e-02  1.79349566e+02 -1.22798143e+02 -9.03102886e+01]|TURN:118
[ 8.04829972e-01  4.36564752e-01  9.64163670e-02  1.78408587e+02 -1.21110170e+02 -9.13694340e+01]|MOVE:900.186645080008
[ 8.36063530e-01  5.29233887e-01  9.73416461e-02  1.78710205e+02 -1.20764943e+02 -9.15366228e+01]|MOVE:900.186645080008
[ 8.69139920e-01  6.22512166e-01  9.84470119e-02  1.78111349e+02 -1.20536520e+02 -9.15598038e+01]|MOVE:900.186645080008
[ 9.02607255e-01  7.12141226e-01  1.01541375e-01  1.78292221e+02 -1.20748397e+02 -9.23178946e+01]|MOVE:900.186645080008
[ 9.36878064e-01  8.02538323e-01  1.05209082e-01  1.78882541e+02 -1.20653936e+02 -9.19479153e+01]|MOVE:900.186645080008
[ 9.37228997e-01  8.03475363e-01  1.05229496e-01  1.78467392e+02 -1.12338212e+02 -9.20902108e+01]|TURN:113
[ 9.86118206e-01  8.87091395e-01  1.09023526e-01  1.78483213e+02 -1.11284843e+02 -9.18135867e+01]|MOVE:900.186645080008
[ 1.00073055  0.89460402  0.10730814  1.7670866  34.85810575 88.9262973 ]|TURN:1890
[ 1.01663104  0.79959018  0.10131041  2.07862198 36.14081784 89.07243283]|MOVE:900.186645080008
[ 1.02093677  0.79507567  0.10312278  2.15871481 58.50514523 88.34616642]|TURN:292
[ 1.0004029   0.69349018  0.10271851  1.95621072 59.61837721 89.01875766]|MOVE:900.186645080008
[ 1.00013144  0.69271453  0.10269676  1.82707894 53.98150123 89.22912197]|TURN:-75
[ 0.98602946  0.5929912   0.09991991  2.1451582  52.37618537 88.871065  ]|MOVE:900.186645080008
[ 0.98573451  0.59267413  0.09941254  1.86622541 45.461785   89.26286065]|TURN:-94
[ 0.98653215  0.49098164  0.09795667  2.57860064 43.63287015 88.33909068]|MOVE:900.186645080008
[ 0.99030167  0.38569202  0.09526765  2.40082389 43.06795762 89.3465105 ]|MOVE:900.186645080008
[ 0.99071822  0.38473048  0.09492584  2.54546493 50.6776518  89.07660057]|TURN:104
[ 0.98186553  0.28474743  0.09510297  2.23411487 52.13942874 88.32078972]|MOVE:900.186645080008
[ 9.90110049e-01  2.70754573e-01  9.48025051e-02  1.79760331e+02 -1.78073482e+02 -9.00961925e+01]|TURN:1660
[ 9.31522992e-01  3.44903145e-01  9.68739788e-02  1.79358536e+02 -1.77244767e+02 -8.98129375e+01]|MOVE:900.186645080008
[ 8.72582929e-01  4.20221795e-01  9.83449400e-02  1.79799636e+02 -1.76504943e+02 -8.96668681e+01]|MOVE:900.186645080008
[ 8.72807898e-01  4.20652447e-01  9.82259347e-02  1.79747273e+02  1.77671486e+02 -8.95672457e+01]|TURN:-81
[ 8.08417678e-01  4.90044578e-01  9.88255773e-02  1.79467203e+02  1.76433978e+02 -9.00778627e+01]|MOVE:900.186645080008
[ 7.41334251e-01  5.60677677e-01  9.90467466e-02  1.79358439e+02  1.75813729e+02 -8.96647299e+01]|MOVE:900.186645080008
[ 6.72601847e-01  6.30468562e-01  9.89794862e-02  1.79837104e+02  1.75691138e+02 -8.95520113e+01]|MOVE:900.186645080008
[ 6.03987582e-01  6.99293534e-01  9.86014971e-02  1.07968570e+02  1.74803606e+02 -8.98973901e+01]|MOVE:900.186645080008
[ 5.35219521e-01  7.67499806e-01  9.94958898e-02  1.79786722e+02  1.74069853e+02 -9.00240109e+01]|MOVE:900.186645080008
[ 4.63725211e-01  8.35489161e-01  9.90208905e-02  1.79779190e+02  1.73760360e+02 -8.96242315e+01]|MOVE:900.186645080008
[ 3.90597159e-01  9.04312440e-01  9.81042015e-02  1.79714242e+02  1.73302218e+02 -8.94300606e+01]|MOVE:900.186645080008
[  0.39141529   0.91095102   0.09687485   1.41573255 -31.88592126  89.80969824]|TURN:1972
[  0.49056002   0.87610481   0.09831651   1.66612996 -30.59331813  89.82648612]|MOVE:900.186645080008
[  0.49117494   0.87628197   0.0980594    1.6724993  -25.91679085  89.51413496]|TURN:66
[  0.5891242    0.83227898   0.09915938   1.61581105 -24.49114664  89.68373243]|MOVE:900.186645080008
[  0.68844988   0.7848685    0.10067703   2.03757677 -23.97030771  90.30371655]|MOVE:900.186645080008
[  0.68878518   0.78427469   0.10032382   2.04508965 -33.67986772  90.44621514]|TURN:-121
[  0.79283539   0.75203367   0.1028827    2.2030894  -35.02547024  90.8101532 ]|MOVE:900.186645080008
[ 0.80716338  0.74923805  0.10109066  2.76902361 75.16713116 87.82759576]|TURN:1399
[ 0.76000222  0.66154312  0.10136663  4.51126486 76.10084784 86.64876048]|MOVE:900.186645080008
[ 7.61955171e-01  6.59083310e-01  1.01355422e-01  1.77145461e+02  9.95844942e+01 -8.64105816e+01]|TURN:312
[ 6.77982958e-01  6.14740388e-01  9.39689862e-02  1.75184524e+02  1.00827572e+02 -8.47164574e+01]|MOVE:900.186645080008
[ 0.6771979   0.61586305  0.09368501  6.16439914 78.92245625 84.32017338]|TURN:-288
[ 0.62743149  0.53145533  0.09473242  4.59317219 77.29903917 86.05785754]|MOVE:900.186645080008
[ 0.62876692  0.52973622  0.09495355 42.66638114 89.06960235 47.67665173]|TURN:152
[ 5.59266997e-01  4.63656258e-01  9.16471762e-02  1.36881755e+02  9.06884945e+01 -4.59487608e+01]|MOVE:900.186645080008
[ 5.59975366e-01  4.49753543e-01  9.22007360e-02  2.72449593e+01 -8.75658270e+01  1.16179062e+02]|TURN:-2263
[ 6.39690563e-01  5.09453459e-01  9.34476603e-02  4.68533963e+01 -8.90825361e+01  1.36301645e+02]|MOVE:900.186645080008
[ 6.42834959e-01  5.07941347e-01  9.40217567e-02  1.77088142e+02 -1.07759410e+02 -9.34688851e+01]|TURN:-243
[ 6.96054700e-01  5.90646163e-01  9.55928810e-02  1.78364414e+02 -1.09411411e+02 -9.18748682e+01]|MOVE:900.186645080008
[ 6.96806600e-01  5.91060938e-01  9.60329874e-02  1.76981057e+02 -1.01241983e+02 -9.31706820e+01]|TURN:115
[ 7.61258496e-01  6.64345997e-01  9.86130632e-02  1.75247796e+02 -1.00408669e+02 -9.55366681e+01]|MOVE:900.186645080008
[ 8.27700614e-01  7.37434809e-01  1.01447357e-01  1.73076778e+02 -1.00497429e+02 -9.78469225e+01]|MOVE:900.186645080008
[ 0.84722157  0.73698633  0.1010162   5.78289402 84.33150184 85.07490022]|TURN:-2245
[ 0.7882543   0.65951743  0.10070908  6.40036066 82.91989271 84.44633513]|MOVE:900.186645080008
[ 7.89481815e-01  6.58709508e-01  1.00093697e-01  1.79083048e+02  1.03888809e+02 -8.88292572e+01]|TURN:276
[ 7.04686190e-01  6.16648125e-01  9.62833848e-02  1.76639981e+02  1.05153619e+02 -8.63179432e+01]|MOVE:900.186645080008
[ 0.70449307  0.61644306  0.0962756  12.54569915 85.25640917 78.10610523]|TURN:-253
[ 0.64354776  0.54290551  0.0952322   9.08667839 83.85693918 81.397862  ]|MOVE:900.186645080008
[ 0.64298028  0.54219732  0.09474077 36.05529484 88.7588474  54.50981907]|TURN:69
[ 5.74444285e-01  4.75467715e-01  9.17401798e-02  1.41792719e+02  9.06899160e+01 -5.10077654e+01]|MOVE:900.186645080008
[ 5.81499149e-01  4.63688110e-01  9.43976223e-02  1.59175815e+02 -9.28439479e+01 -1.11538213e+02]|TURN:2259
[ 6.54525430e-01  5.31053770e-01  9.40596092e-02  1.55891704e+02 -9.19478401e+01 -1.14497686e+02]|MOVE:900.186645080008
[ 6.55513601e-01  5.30033953e-01  9.39674919e-02  1.77596505e+02 -1.05203058e+02 -9.28955740e+01]|TURN:-171
[ 7.12027448e-01  6.10476498e-01  9.55720363e-02  1.77908103e+02 -1.06635448e+02 -9.22816517e+01]|MOVE:900.186645080008
[ 7.12607159e-01  6.11176404e-01  9.56426803e-02  1.75288592e+02 -9.87118005e+01 -9.49073057e+01]|TURN:110
[ 7.82174152e-01  6.80210991e-01  9.94699291e-02  1.71039608e+02 -9.77734623e+01 -9.95583651e+01]|MOVE:900.186645080008
[ 8.50727038e-01  7.52014734e-01  1.01874146e-01  1.71270079e+02 -9.71796293e+01 -9.97204488e+01]|MOVE:900.186645080008
[ 8.67554201e-01  7.49649283e-01  9.99033935e-02  1.79799416e+02  1.29259872e+02 -8.93132463e+01]|TURN:-1709
[ 7.73374146e-01  7.46993257e-01  9.66183739e-02 -1.79688783e+02  1.28240327e+02 -8.96161985e+01]|MOVE:900.186645080008
[ 6.80907545e-01  7.39505406e-01  9.70125804e-02  1.43944680e+02  1.28133506e+02 -8.94430171e+01]|MOVE:900.186645080008
[ 6.80758094e-01  7.38465238e-01  9.73716987e-02 -1.79933962e+02  1.32771207e+02 -8.96468908e+01]|TURN:69
[ 5.87305204e-01  7.40393249e-01  9.77597773e-02  1.79953799e+02  1.34128525e+02 -8.92077627e+01]|MOVE:900.186645080008
[ 0.5874387   0.74416295  0.09794355  2.55512088 51.1450252  88.42430137]|TURN:-1067
[ 0.57677186  0.64498234  0.09341345  2.07818167 49.54714408 89.68175171]|MOVE:900.186645080008
[ 0.56919281  0.54480482  0.0920324   1.97401195 48.66196501 88.73187527]|MOVE:900.186645080008
[ 0.56524322  0.43857723  0.09136437  1.796016   47.836202   89.48428698]|MOVE:900.186645080008
[  0.56487536   0.428775     0.09226024   2.35192963 -46.82421569  90.64801917]|TURN:-1212
[  0.67090305   0.4203656    0.09483333   2.28105646 -48.49228959  90.86441293]|MOVE:900.186645080008
[ 6.72786206e-01  4.19235580e-01  9.34847039e-02  5.05704978e+00 -7.03545065e+01  9.41515285e+01]|TURN:-282
[ 7.65972587e-01  4.53211165e-01  9.37146750e-02  5.81733395e+00 -7.25788061e+01  9.48505583e+01]|MOVE:900.186645080008
[  0.76834429   0.45433456   0.09335138   3.51162678 -58.25333357  92.84196478]|TURN:188
[  0.8709526    0.46449398   0.09403274   3.74064674 -57.1666289  92.87355885]|MOVE:900.186645080008
[ 8.82318289e-01  4.53583180e-01  9.54151980e-02  1.79438254e+02 -1.45595140e+02 -9.15686208e+01]|TURN:-1132
[ 8.73973390e-01  5.46967442e-01  9.93126393e-02  1.79452201e+02 -1.47356462e+02 -9.06283905e+01]|MOVE:900.186645080008
[ 8.76033168e-01  5.46576096e-01  9.97870581e-02  1.79256322e+02 -1.58315370e+02 -9.04623857e+01]|TURN:-146
[ 8.43297257e-01  6.37916666e-01  1.00122281e-01  1.79721941e+02 -1.60061972e+02 -8.99943351e+01]|MOVE:900.186645080008
[ 8.42690856e-01  6.38249624e-01  1.00497889e-01  1.79811392e+02 -1.42802919e+02 -9.03093121e+01]|TURN:221
[ 8.40830966e-01  7.32680083e-01  1.03398222e-01  1.79776774e+02 -1.40849460e+02 -9.10648207e+01]|MOVE:900.186645080008
[ 0.85274558  0.73753337  0.10127004 34.18968793 89.00556595 56.68107199]|TURN:-1670
[ 0.78813998  0.6661503   0.10145812 19.82408971 88.04834166 70.87190364]|MOVE:900.186645080008
[ 7.88443056e-01  6.64712861e-01  1.01545231e-01  1.74957937e+02  9.65945688e+01 -8.43183091e+01]|TURN:119
[ 7.10089057e-01  6.11725870e-01  9.70616039e-02  1.71924460e+02  9.78149749e+01 -8.11931760e+01]|MOVE:900.186645080008
[ 0.70950784  0.61172035  0.0967621  27.9499306  87.66885275 62.74408495]|TURN:-131
[ 0.64512815  0.54183352  0.09491964 15.09501474 85.97133815 75.49110232]|MOVE:900.186645080008
[ 0.58131453  0.46945828  0.09232553  6.34447684 84.96215535 84.47705719]|MOVE:900.186645080008
[ 5.83217024e-01  4.55360693e-01  9.25750179e-02  1.26201529e+02 -9.09063298e+01 -1.44670782e+02]|TURN:-2237
[ 6.58959495e-01  5.19487217e-01  9.33257039e-02  1.58105094e+02 -9.25532463e+01 -1.12305564e+02]|MOVE:900.186645080008
[ 6.60586899e-01  5.17253126e-01  9.39916339e-02  1.78266811e+02 -1.09875246e+02 -9.26812471e+01]|TURN:-223
[ 7.10791437e-01  6.02604200e-01  9.51186739e-02  1.78341266e+02 -1.11497433e+02 -9.17077208e+01]|MOVE:900.186645080008
[ 7.11145762e-01  6.03711325e-01  9.49739973e-02  1.76578015e+02 -1.01207224e+02 -9.34241601e+01]|TURN:142
[ 7.76132507e-01  6.75479039e-01  9.88478933e-02  1.73991330e+02 -1.00228949e+02 -9.67733985e+01]|MOVE:900.186645080008
[ 8.42123168e-01  7.49277574e-01  1.01210527e-01  1.73908214e+02 -1.00054038e+02 -9.69759279e+01]|MOVE:900.186645080008
[ 0.85886073  0.75163454  0.10145139  2.03559664 36.11429057 89.28807361]|TURN:1742
[ 0.87266079  0.64899964  0.09785088  2.25710637 38.08000687 89.47842238]|MOVE:900.186645080008
[ 0.87540463  0.64692589  0.0972688   2.45270741 63.80658151 88.27380823]|TURN:330
[ 0.84436581  0.55110845  0.09744479  2.48507433 65.83984484 88.17789245]|MOVE:900.186645080008
[ 0.84424717  0.550437    0.0981871   1.9557543  51.98242527 88.56428207]|TURN:-180
[ 0.83298739  0.44926188  0.09534779  1.31185041 50.71946271 89.6085954 ]|MOVE:900.186645080008
[ 8.41414757e-01  4.34165448e-01  9.62999604e-02 -1.79889843e+02  1.79389193e+02 -9.04874499e+01]|TURN:1642
[ 7.81166364e-01  5.05696899e-01  9.86167719e-02  1.79794872e+02 -1.79311745e+02 -8.99127411e+01]|MOVE:900.186645080008
[ 7.20395494e-01  5.79786843e-01  1.00001274e-01  1.79462219e+02 -1.79002116e+02 -8.97826169e+01]|MOVE:900.186645080008
[ 7.20536078e-01  5.80260780e-01  1.00115312e-01  1.79470909e+02  1.76127023e+02 -8.97479470e+01]|TURN:-71
[ 6.51014205e-01  6.50989797e-01  9.86883307e-02 -1.79897876e+02  1.75769331e+02 -8.96529004e+01]|MOVE:900.186645080008
[ 5.82852922e-01  7.19246526e-01  9.91758148e-02  1.79954006e+02  1.75026862e+02 -9.02113308e+01]|MOVE:900.186645080008
[  0.58219613   0.72513635   0.0975256    3.06397123 -57.30224989  91.76988921]|TURN:1637
[  0.68506609   0.73497312   0.09833875   3.08864939 -55.72557472  92.23568076]|MOVE:900.186645080008
[  0.68609382   0.7355204    0.09823907   2.87042437 -49.79556899  91.82451861]|TURN:80
[  0.79042944   0.73247103   0.09927188   2.70700157 -48.86658038  91.81610086]|MOVE:900.186645080008
[ 8.10998786e-01  7.20256857e-01  9.99001661e-02 -1.79706381e+02  1.54661083e+02 -9.00245724e+01]|TURN:-1992
[ 7.24416283e-01  7.57416556e-01  9.99477069e-02 -1.79817344e+02  1.53482393e+02 -8.98487363e+01]|MOVE:900.186645080008
[ 6.37347242e-01  7.92876831e-01  1.01160662e-01  1.79607469e+02  1.53010064e+02 -8.90081924e+01]|MOVE:900.186645080008
[ 0.63988504  0.79781258  0.10060942 10.16192092 84.51153699 80.61259847]|TURN:-873
[ 0.58025371  0.722345    0.09935013  6.64674897 83.21666315 84.34054694]|MOVE:900.186645080008
[ 0.58074714  0.72097407  0.0996236  86.77854961 89.95677811  4.13272967]|TURN:90
[ 5.10111362e-01  6.58101013e-01  9.63077068e-02  1.52012204e+02  9.16886286e+01 -6.12376910e+01]|MOVE:900.186645080008
[ 0.50592977  0.65828607  0.09473972  2.31311969 31.08577116 89.60491977]|TURN:-770
[ 0.52976594  0.55856326  0.09282308  1.71020671 29.52283573 89.59430084]|MOVE:900.186645080008
[ 0.55748529  0.45527039  0.09129893  1.56177694 28.384385   90.01315666]|MOVE:900.186645080008
[  0.55717889   0.4496008    0.09163261   1.89782095 -30.95923105  90.37864082]|TURN:-767
[  0.65877775   0.41377265   0.09372602   1.80785325 -32.29854197  90.41438008]|MOVE:900.186645080008
[  0.66082303   0.41150128   0.09445863   1.87768409 -49.39918059  90.47863141]|TURN:-226
[  0.76474306   0.40844665   0.09533313   2.7450664  -51.29524379  91.35448101]|MOVE:900.186645080008
[ 7.69791948e-01  4.03519610e-01  9.42730294e-02  1.75240150e+02 -1.01209768e+02 -9.53941776e+01]|TURN:-633
[ 8.33291583e-01  4.76503018e-01  9.70968877e-02  1.75174558e+02 -1.02872113e+02 -9.54240708e+01]|MOVE:900.186645080008
[ 8.33857999e-01  4.76750820e-01  9.67498846e-02  1.76275383e+02 -1.07366189e+02 -9.42563998e+01]|TURN:-67
[ 8.86253162e-01  5.59348848e-01  9.83476813e-02  1.78749825e+02 -1.08393293e+02 -9.13787947e+01]|MOVE:900.186645080008
[ 8.93179627e-01  5.55693718e-01  9.83745983e-02  1.79591873e+02 -1.53456577e+02 -9.02515697e+01]|TURN:-584
[ 8.70517747e-01  6.46326561e-01  1.01897870e-01 -1.79906880e+02 -1.54225437e+02 -8.98262440e+01]|MOVE:900.186645080008
[ 8.71399025e-01  6.45902898e-01  1.02244160e-01  1.07991790e+02 -1.60789480e+02 -8.97089232e+01]|TURN:-85
[ 8.36398637e-01  7.36011138e-01  1.02911799e-01  1.43982972e+02 -1.62013449e+02 -9.05591191e+01]|MOVE:900.186645080008
[ 8.42769968e-01  7.38539734e-01  1.01641957e-01  1.79908675e+02  1.47307095e+02 -8.98917337e+01]|TURN:-658
[ 7.50702533e-01  7.66534782e-01  9.91974360e-02 -1.79683581e+02  1.46242646e+02 -8.95166075e+01]|MOVE:900.186645080008
[ 7.50177500e-01  7.67221614e-01  9.89645592e-02 -1.79880744e+02  1.41889403e+02 -8.94380117e+01]|TURN:-63
[ 6.57617156e-01  7.83384717e-01  9.89786523e-02  1.79775780e+02  1.40282615e+02 -8.89542909e+01]|MOVE:900.186645080008
[ 0.65761411  0.78688847  0.09986635  2.15427614 28.63932131 88.64894738]|TURN:-1439
[ 0.68641066  0.68658804  0.09595511  2.04285361 27.13437785 89.71219071]|MOVE:900.186645080008
[ 0.71817286  0.58586981  0.09468838  1.40006911 26.56006954 89.60838845]|MOVE:900.186645080008
[ 0.71911218  0.58470411  0.09476221  1.57330566 32.91463388 89.31859751]|TURN:86
[ 0.73929135  0.4819781   0.09401392  1.93915702 34.94111513 89.14786714]|MOVE:900.186645080008
[ 0.75750693  0.37663488  0.09259742  1.73036347 35.70804977 89.64264744]|MOVE:900.186645080008
[ 7.66384572e-01  3.61067254e-01  9.33631259e-02  1.78907808e+02 -1.18592767e+02 -9.12348711e+01]|TURN:-1980
[ 8.04132845e-01  4.49112978e-01  9.61109614e-02  1.78060032e+02 -1.19640257e+02 -9.18113468e+01]|MOVE:900.186645080008
[ 8.06688519e-01  4.47055500e-01  9.63498404e-02  1.79333012e+02 -1.44283640e+02 -9.09737926e+01]|TURN:-320
[ 7.98685291e-01  5.43461229e-01  9.74008285e-02  1.79144349e+02 -1.45523163e+02 -9.09593768e+01]|MOVE:900.186645080008
[ 7.98458214e-01  5.43802578e-01  9.76144337e-02  1.79022701e+02 -1.30704919e+02 -9.13077241e+01]|TURN:195
[ 8.15566257e-01  6.40604405e-01  9.86031654e-02  1.78979317e+02 -1.28715943e+02 -9.10703090e+01]|MOVE:900.186645080008
[ 8.35506372e-01  7.35242575e-01  1.01020847e-01  1.78957831e+02 -1.28305053e+02 -9.18686804e+01]|MOVE:900.186645080008
[ 8.50091576e-01  7.36440224e-01  9.99048529e-02  1.79705399e+02  1.17893902e+02 -8.87272319e+01]|TURN:-1462
[ 7.62136963e-01  7.08967725e-01  1.00528344e-01 -1.79939053e+02  1.17105985e+02 -8.90714768e+01]|MOVE:900.186645080008
[ 7.63206752e-01  7.06893898e-01  1.01669713e-01  7.19737321e+01  1.23485749e+02 -8.92081314e+01]|TURN:89
[ 6.69825658e-01  6.95549381e-01  9.92094470e-02  1.79642951e+02  1.25306720e+02 -8.89386243e+01]|MOVE:900.186645080008
[ 6.68913390e-01  6.97033578e-01  9.82426668e-02  1.79381916e+02  1.19500338e+02 -8.85739598e+01]|TURN:-85
[ 5.77865855e-01  6.75283247e-01  9.62960881e-02  1.79260932e+02  1.17805959e+02 -8.84663198e+01]|MOVE:900.186645080008
[ 5.77456875e-01  6.75248663e-01  9.61790733e-02  1.78708489e+02  1.12585626e+02 -8.77358973e+01]|TURN:-74
[ 4.91267917e-01  6.41128159e-01  9.54287276e-02  1.77652159e+02  1.10723869e+02 -8.70040963e+01]|MOVE:900.186645080008
[ 0.48738134  0.64116052  0.09443381  2.21370229 23.02330973 89.629799  ]|TURN:-1117
[ 0.52513217  0.54451159  0.09290263  1.68128477 21.49240333 89.60030706]|MOVE:900.186645080008
[ 0.56613017  0.44489256  0.09176572  1.64631622 20.68576372 89.92450371]|MOVE:900.186645080008
[  0.56827741   0.43502082   0.09237763   3.18040299 -62.56889202  91.56613992]|TURN:-1072
[  0.6692574    0.45503428   0.09348344   4.23111679 -64.31101156  93.20760071]|MOVE:900.186645080008
[ 6.71240246e-01  4.53585694e-01  9.35123632e-02  8.99003381e+00 -8.07248012e+01  9.81355181e+01]|TURN:-213
[ 7.58321247e-01  5.03185968e-01  9.46694718e-02  9.42431184e+00 -8.22966118e+01  9.88964142e+01]|MOVE:900.186645080008
[ 7.59800182e-01  5.04214655e-01  9.45866626e-02  5.42782352e+00 -7.30602919e+01  9.47846364e+01]|TURN:125
[  0.85472988   0.53978041   0.09607266   4.36289895 -71.45057814  93.98624074]|MOVE:900.186645080008
[ 8.64754371e-01  5.30283837e-01  9.78868489e-02  1.79216975e+02 -1.43047917e+02 -9.14209266e+01]|TURN:-919
[ 8.60085154e-01  6.26206844e-01  9.99966138e-02  1.79661183e+02 -1.44443194e+02 -9.00570168e+01]|MOVE:900.186645080008
[ 8.61976243e-01  6.24985586e-01  1.00231826e-01  1.79714951e+02 -1.56603045e+02 -8.98349937e+01]|TURN:-160
[ 8.34427456e-01  7.14592792e-01  1.02853421e-01 -1.07979467e+02 -1.57847723e+02 -9.03491371e+01]|MOVE:900.186645080008
[ 8.40140698e-01  7.14808770e-01  1.02445555e-01  1.79917828e+02  1.62186819e+02 -8.99977647e+01]|TURN:-521
[ 7.57119499e-01  7.67223484e-01  9.98359524e-02 -1.79919755e+02  1.60835023e+02 -9.00305840e+01]|MOVE:900.186645080008
[ 6.74322957e-01  8.15902621e-01  1.00133750e-01  1.79828023e+02  1.60177572e+02 -8.94273979e+01]|MOVE:900.186645080008
[ 6.78548363e-01  8.18726199e-01  1.01005843e-01  1.72719339e+02  9.84150320e+01 -8.22833563e+01]|TURN:-796
[ 6.01180789e-01  7.63175505e-01  9.83329570e-02  1.73784027e+02  9.68648187e+01 -8.27716779e+01]|MOVE:900.186645080008
[ 0.60077512  0.76410371  0.09853317  4.11566161 75.16558105 86.57534298]|TURN:-282
[ 0.55408406  0.67835775  0.09716621  3.68309647 74.24799686 87.32576158]|MOVE:900.186645080008
[ 0.55436925  0.67764103  0.09725902  4.78195653 79.1675329  86.15327896]|TURN:70
[ 0.49920186  0.59758788  0.09585462  7.97045278 80.24475671 83.14446261]|MOVE:900.186645080008
[ 0.49761442  0.59781787  0.09549392  1.76688757 23.566951   89.77376208]|TURN:-721
[ 0.53302973  0.50090679  0.09325083  1.72214337 21.5059899  89.59918423]|MOVE:900.186645080008
[  0.53251804   0.49723786   0.09293312   2.10759888 -16.88115523  90.17979813]|TURN:-498
[  0.62246492   0.44186103   0.09168335   1.88454421 -18.5206721  90.50144572]|MOVE:900.186645080008
[  0.62367867   0.44081404   0.09163252   2.00959454 -23.3899849  90.80387881]|TURN:-63
[  0.72130274   0.39335011   0.09310524   1.89889995 -24.57699689  90.49121005]|MOVE:900.186645080008
[ 7.25687818e-01  3.87127177e-01  9.34340963e-02  6.00165303e+00 -7.85713826e+01  9.49627987e+01]|TURN:-688
[ 8.13841625e-01  4.33212677e-01  9.32610853e-02  9.70550758e+00 -8.07132899e+01  9.90301761e+01]|MOVE:900.186645080008
[ 8.20077224e-01  4.28175061e-01  9.49077937e-02  1.77966688e+02 -1.18781918e+02 -9.25051708e+01]|TURN:-495
[ 8.54500708e-01  5.18050023e-01  9.72659233e-02  1.79086100e+02 -1.20670140e+02 -9.14962358e+01]|MOVE:900.186645080008
[ 8.88149776e-01  6.10837361e-01  9.87043020e-02  1.78296876e+02 -1.20879409e+02 -9.18199431e+01]|MOVE:900.186645080008
[ 8.94916761e-01  6.06537862e-01  1.00038155e-01  1.79661185e+02 -1.59710982e+02 -9.00654286e+01]|TURN:-499
[ 8.61912823e-01  6.95614219e-01  1.01741650e-01  1.79830965e+02 -1.61061680e+02 -9.04630527e+01]|MOVE:900.186645080008
[ 8.66808838e-01  6.96400669e-01  1.01405210e-01 -1.79844113e+02  1.60844907e+02 -9.00222525e+01]|TURN:-503
[ 7.82858576e-01  7.45872158e-01  9.95170324e-02 -1.79759560e+02  1.59780988e+02 -9.01148010e+01]|MOVE:900.186645080008
[ 6.99358942e-01  7.92462721e-01  1.00149367e-01  1.79822928e+02  1.59258850e+02 -8.98602164e+01]|MOVE:900.186645080008
[ 0.70372568  0.79465457  0.10167312 22.19077718 87.42564402 68.61963869]|TURN:-921
[ 0.64087282  0.72191214  0.10031437 13.71705597 86.29868025 77.27852565]|MOVE:900.186645080008
[ 6.40621408e-01  7.21442406e-01  9.97984593e-02  1.73811530e+02  9.52117193e+01 -8.30012511e+01]|TURN:119
[ 5.63472625e-01  6.66868615e-01  9.47668793e-02  1.76369037e+02  9.67039018e+01 -8.50846110e+01]|MOVE:900.186645080008
[ 0.56289105  0.66697626  0.0947546  10.4859507  86.06104002 80.7502806 ]|TURN:-139
[ 0.50049305  0.59417627  0.09335976 13.34259746 84.3261489  77.77618883]|MOVE:900.186645080008
[  0.50075219   0.58319673   0.09342837   3.05240997 -67.64194452  91.88464228]|TURN:-1942
[  0.59799416   0.61220911   0.09482109   3.20354567 -69.26451902  92.2524924 ]|MOVE:900.186645080008
[ 6.00008874e-01  6.11126147e-01  9.47029467e-02  1.59965862e+01 -8.62298450e+01  1.05340676e+02]|TURN:-220
[ 6.80144339e-01  6.68964064e-01  9.59607193e-02  2.97992333e+01 -8.78418428e+01  1.18781171e+02]|MOVE:900.186645080008
[ 6.80812519e-01  6.70638286e-01  9.51932652e-02  7.22062594e+00 -7.80501565e+01  9.62028403e+01]|TURN:131
[ 7.71775445e-01  7.14523982e-01  9.68430403e-02  8.30101933e+00 -7.72988466e+01  9.73351297e+01]|MOVE:900.186645080008
[  0.77327262   0.71489356   0.09683748   6.41310858 -72.85518106  95.67622237]|TURN:67
[  0.86868389   0.75056081   0.09870324   4.69453901 -71.34135905  94.08268242]|MOVE:900.186645080008
[ 8.89853132e-01  7.40513463e-01  9.97266502e-02  1.79850459e+02  1.29948908e+02 -8.93780798e+01]|TURN:-2031
[ 7.95341558e-01  7.39218758e-01  9.70645238e-02 -1.79654593e+02  1.28904525e+02 -8.95272359e+01]|MOVE:900.186645080008
[ 7.95599652e-01  7.37788851e-01  9.75250400e-02 -1.79432237e+02  1.37822173e+02 -9.00947705e+01]|TURN:117
[ 7.02097014e-01  7.48690097e-01  9.70172014e-02 -1.79693272e+02  1.39784216e+02 -8.95678672e+01]|MOVE:900.186645080008
[ 7.02283753e-01  7.48958506e-01  9.71567160e-02 -1.79855125e+02  1.31638310e+02 -8.91823231e+01]|TURN:-109
[ 6.08427306e-01  7.47546124e-01  9.67660413e-02  1.79912651e+02  1.30372616e+02 -8.89464874e+01]|MOVE:900.186645080008
[  0.60864646   0.74334493   0.09662146   2.57116434 -45.22605875  91.43333221]|TURN:-2239
[  0.71337613   0.73254729   0.09872764   2.64801156 -46.88238702  91.45686803]|MOVE:900.186645080008
[  0.71486795   0.73166823   0.09849072   3.34884841 -58.62996643  92.32838441]|TURN:-152
[  0.81708217   0.74484631   0.10009788   3.05909111 -60.59799671  92.26196652]|MOVE:900.186645080008
[ 0.8324255   0.74377774  0.10001143  2.05027918 53.84638435 88.66688306]|TURN:1454
[ 0.81481362  0.64500647  0.09589384  1.4413933  55.69845676 89.69960567]|MOVE:900.186645080008
[ 0.81774583  0.64220217  0.0966714   2.34698887 78.78650265 88.02345715]|TURN:299
[ 0.7651389   0.55955813  0.09769008  5.75061257 80.77268387 84.71781931]|MOVE:900.186645080008
[ 0.76480048  0.55922043  0.09780208  3.81269484 73.18032206 86.5707253 ]|TURN:-100
[ 0.72228246  0.4715828   0.09693696  1.6796419  71.9365781  88.78333494]|MOVE:900.186645080008
[ 0.72100504  0.47100581  0.09643562  1.55879238 63.52937358 89.20196839]|TURN:-109
[ 0.69065955  0.37682693  0.09491684  1.53374126 61.40259982 89.37339608]|MOVE:900.186645080008
[ 6.99781981e-01  3.68021223e-01  9.52737430e-02  1.79304813e+02  1.62769079e+02 -8.99491452e+01]|TURN:1300
[ 6.20451755e-01  4.18290821e-01  9.59488617e-02  1.79677988e+02  1.63886026e+02 -8.98470633e+01]|MOVE:900.186645080008
[ 5.40730221e-01  4.70716499e-01  9.68557594e-02  1.79855451e+02  1.64720125e+02 -8.99463892e+01]|MOVE:900.186645080008
[  0.53904674   0.47560073   0.09427705   2.28938508 -49.10663813  91.15249506]|TURN:1876
[  0.64393416   0.4709156    0.09585426   2.08969845 -47.60710213  91.11948125]|MOVE:900.186645080008
[  0.74756      0.46487373   0.09597676   2.55348732 -47.13472415  91.08398535]|MOVE:900.186645080008
[  0.85253978   0.45754733   0.09542993   2.87114537 -46.96390646  91.96493613]|MOVE:900.186645080008
[ 8.59493133e-01  4.48963790e-01  9.48708350e-02  1.78491529e+02 -1.21416528e+02 -9.21817812e+01]|TURN:-951
[ 8.90338485e-01  5.39948644e-01  9.72761055e-02  1.79040057e+02 -1.22730182e+02 -9.15898063e+01]|MOVE:900.186645080008
[ 8.92471541e-01  5.39255762e-01  9.69765022e-02  1.79426000e+02 -1.37600530e+02 -9.11218591e+01]|TURN:-195
[ 8.96730341e-01  6.35655774e-01  9.93876107e-02  1.79475671e+02 -1.38603251e+02 -9.06973923e+01]|MOVE:900.186645080008
