vive_data|last_cmd
[-1.58665361e-01 -9.20666444e-01 -1.96434410e+00  1.78374598e+02  1.55077446e+02 -8.95385836e+01]|CAL:1
[  -0.87061116   -0.89612228   -1.25626061  177.77701919 -171.33659566  -90.08052302]|CAL:2
[  -0.22021216   -0.92611718   -0.53059622 -179.6153622   128.60708287  -92.05375968]|CAL:3
[  0.14391931   0.2365807    0.09771107   2.57510549 -75.07746406  92.9417388 ]|TURN:610
[  0.22737381   0.28302422   0.09755247   3.42404631 -74.59566855  93.78278866]|MOVE:900.186645080008
[  0.22610464   0.28592728   0.09655383   1.09229968 -56.51553409  91.23876538]|TURN:210
[  0.32610465   0.29896729   0.09760198   1.38771443 -55.55549413  91.8819669 ]|MOVE:900.186645080008
[ 3.27979394e-01  2.94884784e-01  9.81976863e-02  1.33921633e+02 -9.11386819e+01 -1.34976986e+02]|TURN:-408
[ 4.02386075e-01  3.62836989e-01  1.01285206e-01  1.37678196e+02 -9.14954696e+01 -1.30852229e+02]|MOVE:900.186645080008
[ 4.72895404e-01  4.33407900e-01  1.01661106e-01  1.33529546e+02 -9.11790779e+01 -1.34710349e+02]|MOVE:900.186645080008
[ 5.43016850e-01  5.03849386e-01  1.01604192e-01  1.31431354e+02 -9.10858320e+01 -1.36766685e+02]|MOVE:900.186645080008
[ 6.12688595e-01  5.74741950e-01  1.01850941e-01  1.30523312e+02 -9.09980289e+01 -1.38035505e+02]|MOVE:900.186645080008
[ 6.12035571e-01  5.76566864e-01  1.01065519e-01  1.40741940e+01 -8.55098833e+01  1.05420924e+02]|TURN:72
[  0.69226757   0.63639707   0.10325473  10.50380161 -84.48810439 102.2413888 ]|MOVE:900.186645080008
[  0.77358261   0.69469397   0.10676338   8.44686377 -84.21209367 100.03472885]|MOVE:900.186645080008
[ 7.74361373e-01  6.93982916e-01  1.07124368e-01  1.18162111e+02 -9.05558111e+01 -1.50192232e+02]|TURN:-79
[ 8.46292024e-01  7.60823042e-01  1.10606336e-01  1.40525306e+02 -9.10224315e+01 -1.28192734e+02]|MOVE:900.186645080008
[ 9.18628748e-01  8.30141925e-01  1.12777833e-01  1.24664863e+02 -9.08376639e+01 -1.43985612e+02]|MOVE:900.186645080008
[ 9.92779748e-01  8.94796255e-01  1.18050405e-01  1.37505813e+02 -9.12162469e+01 -1.30979344e+02]|MOVE:900.186645080008
[ 1.00297398e+00  9.02077160e-01  1.15964902e-01  1.76742925e+02  9.99635622e+01 -8.81361853e+01]|TURN:2216
[ 9.19716324e-01  8.46820724e-01  1.15677725e-01  1.77063981e+02  1.00554044e+02 -8.84033088e+01]|MOVE:900.186645080008
[ 0.91936801  0.84733127  0.11603057  4.83660553 86.20352519 83.90913828]|TURN:-166
[ 0.85241616  0.77321311  0.1152188   8.22945008 85.68328597 80.57010325]|MOVE:900.186645080008
[ 0.78534409  0.70025069  0.11273935  8.96333835 85.41095373 79.87784386]|MOVE:900.186645080008
[ 0.71896655  0.6266544   0.11145228  4.95537236 85.60381125 83.61107666]|MOVE:900.186645080008
[ 0.64985986  0.55597553  0.10756976  5.53358318 85.72461246 83.16620016]|MOVE:900.186645080008
[ 0.57902697  0.48546755  0.10317632  2.95843359 86.10256799 86.06414703]|MOVE:900.186645080008
[ 0.50861662  0.41462633  0.09922132  3.47021156 86.17226095 85.37294009]|MOVE:900.186645080008
[ 0.43907388  0.34231452  0.09657997  0.26634673 86.12230848 88.43321021]|MOVE:900.186645080008
[ 4.31902486e-01  3.32493159e-01  9.91482023e-02  1.73972761e+02 -1.06766033e+02 -9.45031525e+01]|TURN:-2250
[ 4.79219297e-01  4.20873578e-01  9.91402887e-02  1.74681642e+02 -1.06819513e+02 -9.36411877e+01]|MOVE:900.186645080008
[ 4.79148648e-01  4.22901776e-01  9.95895888e-02  1.29840172e+01 -8.51140559e+01  1.04847478e+02]|TURN:256
[ 5.57981819e-01  4.83492642e-01  1.00033361e-01  1.05386596e+01 -8.41196888e+01  1.02488828e+02]|MOVE:900.186645080008
[  0.63771747   0.54317545   0.10154647   8.54577204 -83.77564367 100.34031289]|MOVE:900.186645080008
[ 6.38200633e-01  5.42550342e-01  1.01418302e-01  1.50768088e+02 -9.21214448e+01 -1.17434972e+02]|TURN:-97
[ 7.08373117e-01  6.13789897e-01  1.03178938e-01  1.57084144e+02 -9.28941136e+01 -1.11009718e+02]|MOVE:900.186645080008
[ 7.79835479e-01  6.82100926e-01  1.07345158e-01  1.59370863e+02 -9.23539449e+01 -1.08953783e+02]|MOVE:900.186645080008
[ 8.51004828e-01  7.51731499e-01  1.10562065e-01  1.60584787e+02 -9.24149948e+01 -1.07885183e+02]|MOVE:900.186645080008
[ 9.22034754e-01  8.22121006e-01  1.13048528e-01  1.48021008e+02 -9.19580317e+01 -1.20436503e+02]|MOVE:900.186645080008
[ 9.94936467e-01  8.88296558e-01  1.18072218e-01  1.50586226e+02 -9.21415767e+01 -1.17784214e+02]|MOVE:900.186645080008
[ 1.00635579e+00  8.95859550e-01  1.15898331e-01  1.77426331e+02  9.95374531e+01 -8.88226846e+01]|TURN:2236
[ 9.23553710e-01  8.41080529e-01  1.15531481e-01  1.77873570e+02  1.00333566e+02 -8.92178376e+01]|MOVE:900.186645080008
[ 0.92255987  0.84133917  0.11579266  3.49329974 86.7423172  85.27441852]|TURN:-157
[ 0.85467529  0.76862483  0.11427707  6.67951934 86.21635964 82.16996616]|MOVE:900.186645080008
[ 0.78678403  0.69580297  0.1122336   9.34635391 85.9753758  79.43728765]|MOVE:900.186645080008
[ 0.72009617  0.62218132  0.1116003   8.019561   86.15999497 80.57887056]|MOVE:900.186645080008
[ 0.64970652  0.55299221  0.10719505  5.55640912 85.90980654 83.28454302]|MOVE:900.186645080008
[ 0.57823622  0.48325728  0.10284344  5.20011158 86.47291979 83.79546239]|MOVE:900.186645080008
[ 0.50790189  0.41276603  0.09908381  3.40467181 86.29450065 85.40009448]|MOVE:900.186645080008
[ 0.4382911   0.339989    0.09690111 -0.79943744 86.4932537  89.49837159]|MOVE:900.186645080008
[ 4.31884821e-01  3.31349633e-01  9.91067434e-02  1.74248186e+02 -1.07127552e+02 -9.40271037e+01]|TURN:-2249
[ 4.78893767e-01  4.19411400e-01  9.91871581e-02  1.74629295e+02 -1.07069375e+02 -9.35788217e+01]|MOVE:900.186645080008
[ 4.78775654e-01  4.21795322e-01  9.91541846e-02  1.64533032e+01 -8.60126230e+01  1.08451592e+02]|TURN:255
[ 5.56928873e-01  4.82979025e-01  1.00018314e-01  1.37942715e+01 -8.50726461e+01  1.05660450e+02]|MOVE:900.186645080008
[ 6.35771104e-01  5.44754754e-01  1.01122730e-01  1.18300349e+01 -8.50378850e+01  1.03752347e+02]|MOVE:900.186645080008
[ 6.36365831e-01  5.44977145e-01  1.00975540e-01  1.38545249e+02 -9.13703305e+01 -1.29520397e+02]|TURN:-77
[ 7.07643929e-01  6.14503252e-01  1.03299085e-01  1.49899457e+02 -9.21823774e+01 -1.18320631e+02]|MOVE:900.186645080008
[ 7.79344304e-01  6.82290755e-01  1.07174141e-01  1.55864969e+02 -9.19573084e+01 -1.12457117e+02]|MOVE:900.186645080008
[ 8.51971754e-01  7.51191819e-01  1.10713399e-01  1.56195598e+02 -9.20110266e+01 -1.12165797e+02]|MOVE:900.186645080008
[ 9.23226681e-01  8.20910340e-01  1.13126364e-01  1.43425741e+02 -9.15394150e+01 -1.25115050e+02]|MOVE:900.186645080008
[ 9.96622086e-01  8.86929658e-01  1.18054068e-01  1.46486385e+02 -9.18620383e+01 -1.21882196e+02]|MOVE:900.186645080008
[ 1.00647920e+00  8.90124673e-01  1.17828263e-01  1.77802218e+02  1.20041203e+02 -8.93044544e+01]|TURN:-1743
[ 9.05489856e-01  8.73035723e-01  1.13094590e-01  1.77878421e+02  1.19536425e+02 -8.91283409e+01]|MOVE:900.186645080008
[ 9.02443761e-01  8.75176515e-01  1.10580013e-01  1.78191004e+02  1.29968611e+02 -8.95659256e+01]|TURN:123
[ 7.97759390e-01  8.79593269e-01  1.04878549e-01  1.78782652e+02  1.31056462e+02 -8.98996301e+01]|MOVE:900.186645080008
[ 6.95657560e-01  8.78139701e-01  1.04290654e-01  1.78653992e+02  1.30984631e+02 -8.99405953e+01]|MOVE:900.186645080008
[ 5.95781140e-01  8.73478885e-01  1.05418740e-01  1.78548574e+02  1.31310873e+02 -8.97102191e+01]|MOVE:900.186645080008
[ 5.95284942e-01  8.72341985e-01  1.05776175e-01  1.78550462e+02  1.36965550e+02 -8.98298712e+01]|TURN:71
[ 4.96174620e-01  8.78886090e-01  1.07252722e-01  1.78516058e+02  1.37487641e+02 -8.97421386e+01]|MOVE:900.186645080008
[ 3.94060163e-01  8.89344897e-01  1.06456465e-01  1.78859580e+02  1.37576178e+02 -9.00290410e+01]|MOVE:900.186645080008
[ 0.38666904  0.89907711  0.10514481 -0.31521544 31.44673218 90.39052931]|TURN:-1236
[ 0.40837524  0.80040212  0.10187521 -0.62165083 30.73959402 90.69804156]|MOVE:900.186645080008
[ 0.40913688  0.79979897  0.10170709 -0.61396014 39.43788793 90.44068502]|TURN:102
[ 0.41560003  0.69907272  0.09980278 -0.69184476 40.33758461 90.21023092]|MOVE:900.186645080008
[ 0.42298695  0.59578407  0.09875972 -0.96512707 40.35904271 90.38603193]|MOVE:900.186645080008
[ 0.42313491  0.5949207   0.09859529 -1.17117088 45.74547051 90.260667  ]|TURN:66
[ 0.42184156  0.49095899  0.09908313 -1.01520516 46.89006709 90.25288671]|MOVE:900.186645080008
[ 0.41989472  0.38688281  0.09953286 -0.9573375  46.86393228 90.09052375]|MOVE:900.186645080008
[ 0.41824092  0.28230545  0.10053888 -0.59843512 46.83820783 89.93268213]|MOVE:900.186645080008
[  0.41367554   0.27592505   0.10257728   0.77373154 -55.19932255  91.88237868]|TURN:-1189
[  0.5143359    0.28784786   0.10438862   0.39329609 -55.03873733  91.39243973]|MOVE:900.186645080008
[  0.61347154   0.30077742   0.10462526   0.21389796 -55.07186149  91.33229197]|MOVE:900.186645080008
[  0.70995662   0.31481048   0.10268461   0.17163036 -54.78467723  91.41958366]|MOVE:900.186645080008
[  0.71103326   0.31632374   0.10209042  -0.30567842 -46.61192301  90.79425394]|TURN:98
[  0.81309686   0.31205823   0.10216637   0.29505444 -45.40941182  91.62429442]|MOVE:900.186645080008
[  0.91534606   0.30727421   0.1022223    0.8023279  -45.84654912  92.50128074]|MOVE:900.186645080008
[  0.91599803   0.30629266   0.10213141   1.83269577 -57.79363777  93.74331698]|TURN:-138
[  1.01428898   0.32425889   0.10184928   1.72183171 -58.24489879  93.43209546]|MOVE:900.186645080008
[ 1.02064407e+00  3.17033530e-01  1.02550442e-01  1.77218787e+02 -1.48659087e+02 -9.13788322e+01]|TURN:-1051
[ 9.98003428e-01  4.15302651e-01  1.06320552e-01  1.77658186e+02 -1.49190125e+02 -9.06905972e+01]|MOVE:900.186645080008
[ 9.97554050e-01  4.15514996e-01  1.06943265e-01  1.77395059e+02 -1.40551661e+02 -9.07963611e+01]|TURN:104
[ 9.90212014e-01  5.17068287e-01  1.09010683e-01  1.77558449e+02 -1.39728210e+02 -9.09788301e+01]|MOVE:900.186645080008
[ 9.83841822e-01  6.17916330e-01  1.12440079e-01  1.77536210e+02 -1.39435696e+02 -9.07617149e+01]|MOVE:900.186645080008
[ 9.77665840e-01  7.19102414e-01  1.14936016e-01  1.77574787e+02 -1.39373995e+02 -9.06414776e+01]|MOVE:900.186645080008
[ 9.77359249e-01  7.19300708e-01  1.15309698e-01  1.77561229e+02 -1.34288591e+02 -9.07230891e+01]|TURN:66
[ 9.81620418e-01  8.18909875e-01  1.18047711e-01  1.77257797e+02 -1.33333790e+02 -9.07533480e+01]|MOVE:900.186645080008
[ 9.84761934e-01  9.21439141e-01  1.19257523e-01  1.77223380e+02 -1.33205795e+02 -9.09590455e+01]|MOVE:900.186645080008
[ 0.99218274  0.93376612  0.11744091  1.2594251  78.12374358 87.69979242]|TURN:-1744
[ 0.93586796  0.85253688  0.11478692  1.11496365 77.28055213 87.68578874]|MOVE:900.186645080008
[ 0.93620126  0.85075806  0.11495842  7.22630204 86.54527369 81.5302493 ]|TURN:109
[ 0.86804024  0.77856848  0.1139037  15.31653758 87.69923662 73.55538855]|MOVE:900.186645080008
[ 0.79765768  0.70841055  0.11119771 16.87148538 87.52831776 71.93207681]|MOVE:900.186645080008
[ 0.72939391  0.63603933  0.11062457 16.15069649 88.00507166 72.55081295]|MOVE:900.186645080008
[ 0.65764844  0.56709296  0.1073225  12.15993908 87.90222514 76.52669778]|MOVE:900.186645080008
[ 0.58486252  0.49926587  0.10316138  9.9728219  88.22184446 78.98119312]|MOVE:900.186645080008
[ 0.51296776  0.42998069  0.10011809  7.7859701  87.83329154 81.0725792 ]|MOVE:900.186645080008
[ 0.5114563   0.43008047  0.09970326  1.12090746 82.08291228 87.86262603]|TURN:-72
[ 0.44871176  0.35308281  0.09701595  0.28328665 81.39751254 88.34562908]|MOVE:900.186645080008
[ 4.41929344e-01  3.43799581e-01  9.92229066e-02  1.74390957e+02 -1.06824712e+02 -9.38613402e+01]|TURN:-2199
[ 4.88938943e-01  4.32202683e-01  9.95573591e-02  1.75121017e+02 -1.07230628e+02 -9.31605708e+01]|MOVE:900.186645080008
[ 4.88598404e-01  4.34722732e-01  9.93059045e-02  1.26710525e+01 -8.50671171e+01  1.04510891e+02]|TURN:260
[ 5.67248183e-01  4.94977515e-01  1.00353182e-01  1.11300806e+01 -8.44091789e+01  1.03043072e+02]|MOVE:900.186645080008
[  0.64647327   0.55566752   0.10149289   9.28811349 -84.32125457 101.03458796]|MOVE:900.186645080008
[ 6.46860120e-01  5.55641962e-01  1.01085316e-01  1.36663726e+02 -9.11854321e+01 -1.31465974e+02]|TURN:-85
[ 7.19276316e-01  6.24079057e-01  1.04000462e-01  1.47938687e+02 -9.18873188e+01 -1.20198972e+02]|MOVE:900.186645080008
[ 7.91966499e-01  6.91929169e-01  1.07730366e-01  1.50134848e+02 -9.15549190e+01 -1.18153676e+02]|MOVE:900.186645080008
[ 8.63710242e-01  7.60859541e-01  1.10537539e-01  1.45178209e+02 -9.15480349e+01 -1.23361711e+02]|MOVE:900.186645080008
[ 9.35811330e-01  8.29666823e-01  1.13409625e-01  1.39188179e+02 -9.13275823e+01 -1.29229530e+02]|MOVE:900.186645080008
[ 1.00979233e+00  8.94045573e-01  1.18813940e-01  1.41500717e+02 -9.14542626e+01 -1.27056326e+02]|MOVE:900.186645080008
[ 1.01645367  0.90606682  0.11615389 -0.41336842 54.11743631 89.25149001]|TURN:1683
[ 1.00019223  0.80472455  0.11557097 -0.13255157 54.61754262 89.08876888]|MOVE:900.186645080008
[ 0.98114923  0.70687285  0.11237291 -0.42673658 54.63736029 89.28380982]|MOVE:900.186645080008
[ 0.97934685  0.70821346  0.11142717 -0.55276326 42.93764776 89.55431381]|TURN:-141
[ 0.98282978  0.60653905  0.10946139 -0.5783762  42.19967614 89.48786812]|MOVE:900.186645080008
[ 0.98673232  0.50489946  0.10694384 -0.41107413 42.21026446 89.58853455]|MOVE:900.186645080008
[ 0.99018156  0.40247371  0.10413999 -0.51045019 42.08266875 90.08253278]|MOVE:900.186645080008
[ 0.99087453  0.4011782   0.10408408 -0.50117084 48.7812964  89.93790992]|TURN:86
[ 0.98251183  0.29997     0.10287432 -0.72830987 49.65884515 89.81810296]|MOVE:900.186645080008
[ 9.76663411e-01  2.88911511e-01  1.03093564e-01  1.76209487e+02 -1.20429137e+02 -9.20075866e+01]|TURN:2213
[ 1.00343122e+00  3.86058354e-01  1.04268555e-01  1.76626947e+02 -1.19719850e+02 -9.13589740e+01]|MOVE:900.186645080008
[ 1.00543780e+00  3.85909006e-01  1.04702093e-01  1.76953557e+02 -1.36935575e+02 -9.09542557e+01]|TURN:-201
[ 1.00302093e+00  4.86385347e-01  1.07694712e-01  1.77413871e+02 -1.37113184e+02 -9.12215496e+01]|MOVE:900.186645080008
[ 1.00079662e+00  5.88245826e-01  1.10299272e-01  1.77251867e+02 -1.37063684e+02 -9.08980682e+01]|MOVE:900.186645080008
[ 9.99700422e-01  6.86679755e-01  1.14894267e-01  1.77466890e+02 -1.36859879e+02 -9.08758630e+01]|MOVE:900.186645080008
[ 9.97875376e-01  7.88497288e-01  1.16914419e-01  1.77305261e+02 -1.36662786e+02 -9.06669621e+01]|MOVE:900.186645080008
[ 9.98910935e-01  7.88294384e-01  1.17355888e-01  1.77484459e+02 -1.45364126e+02 -9.03153113e+01]|TURN:-101
[ 9.80678837e-01  8.89370932e-01  1.18562874e-01  1.77572239e+02 -1.45667624e+02 -9.03300328e+01]|MOVE:900.186645080008
[ 9.86668125e-01  8.95155866e-01  1.18197186e-01  1.77510862e+02  1.26965502e+02 -8.87722624e+01]|TURN:-1020
[ 8.85254730e-01  8.86776639e-01  1.15416841e-01  1.77371822e+02  1.26036943e+02 -8.86121519e+01]|MOVE:900.186645080008
[ 7.79261481e-01  8.85287970e-01  1.07996457e-01  1.78497585e+02  1.26571773e+02 -8.95609002e+01]|MOVE:900.186645080008
[ 6.77461251e-01  8.76735516e-01  1.06246340e-01  1.78228803e+02  1.26647023e+02 -8.93985095e+01]|MOVE:900.186645080008
[ 6.77696767e-01  8.74993982e-01  1.06980779e-01  1.78307733e+02  1.32881532e+02 -8.94585389e+01]|TURN:77
[ 5.77495592e-01  8.76172510e-01  1.06812882e-01  1.78507659e+02  1.33976403e+02 -8.96298428e+01]|MOVE:900.186645080008
[ 4.76187716e-01  8.77897863e-01  1.07128047e-01  1.78377633e+02  1.33940073e+02 -8.95658962e+01]|MOVE:900.186645080008
[ 4.65822797e-01  8.82729138e-01  1.07100863e-01  4.32255161e-02 -3.28996806e+01  9.11502721e+01]|TURN:2247
[ 5.64576189e-01  8.55117151e-01  1.07514216e-01 -8.30180723e-02 -3.21230354e+01  9.11254096e+01]|MOVE:900.186645080008
[  0.56424802   0.85294575   0.10765677   0.37806683 -51.56370102  91.57706007]|TURN:-229
[  0.66590349   0.8589935    0.1095488    0.72659896 -52.4326459  91.68786781]|MOVE:900.186645080008
[  0.76622819   0.86807775   0.10985841   0.56420703 -52.48021085  92.03688642]|MOVE:900.186645080008
[  0.86738505   0.87653575   0.11057888   0.70853683 -52.82805193  92.16933349]|MOVE:900.186645080008
[  0.96950565   0.88332847   0.11296038   0.21774913 -52.54611221  91.91451793]|MOVE:900.186645080008
[ 9.83632267e-01  8.75007562e-01  1.16251953e-01  1.77879004e+02  1.34087685e+02 -8.96406832e+01]|TURN:-2024
[ 8.78046353e-01  8.84922585e-01  1.09983359e-01  1.78123586e+02  1.33088810e+02 -8.94157708e+01]|MOVE:900.186645080008
[ 8.74044024e-01  8.87961731e-01  1.06761920e-01  1.78588787e+02  1.53397724e+02 -8.99383985e+01]|TURN:236
[ 7.79415338e-01  9.24865959e-01  1.08101376e-01  1.78382426e+02  1.54253970e+02 -8.98437254e+01]|MOVE:900.186645080008
[ 6.85185444e-01  9.60531217e-01  1.09912969e-01  1.78231282e+02  1.54367277e+02 -8.97909600e+01]|MOVE:900.186645080008
[ 5.89753815e-01  9.97993051e-01  1.10400074e-01  1.78116233e+02  1.54246792e+02 -8.96159929e+01]|MOVE:900.186645080008
[ 0.58910728  1.00555931  0.11037846  1.13243006 80.20742836 87.78431218]|TURN:-859
[ 0.53069123  0.9238647   0.10868283  0.34718588 79.96221458 88.68648557]|MOVE:900.186645080008
[ 0.53082679  0.9224496   0.10889882  1.1407744  85.66732575 87.87699429]|TURN:75
[ 0.4633082   0.84959465  0.10723937  1.33042866 86.85676314 87.63643081]|MOVE:900.186645080008
[ 0.39344209  0.77849642  0.10443902  3.15147578 87.00700132 85.90852372]|MOVE:900.186645080008
[ 0.32553725  0.70610264  0.10375605  9.02828997 87.43062138 79.77406924]|MOVE:900.186645080008
[ 0.31990835  0.7088813   0.10329244 -0.72430639 25.67947125 90.50185098]|TURN:-710
[ 0.35023501  0.61328545  0.10100052 -0.78931114 24.91183578 90.42741627]|MOVE:900.186645080008
[ 0.38367814  0.51452268  0.09975677 -0.79665826 24.82544948 90.71557207]|MOVE:900.186645080008
[ 0.38572005  0.51320341  0.1003641  -0.78674589 34.24689387 90.57905416]|TURN:114
[ 0.40164887  0.41111128  0.09991842 -1.17019538 35.12166402 90.35883698]|MOVE:900.186645080008
[ 0.41949046  0.30731855  0.10017627 -1.03437461 35.54772628 90.20985743]|MOVE:900.186645080008
[  0.41482612   0.30409212   0.10041552   0.13342257 -36.35920637  91.36878268]|TURN:-837
[ 5.17940449e-01  2.81356651e-01  1.02991967e-01 -3.27834075e-03 -3.66817789e+01  9.10003593e+01]|MOVE:900.186645080008
[  0.61763712   0.26063763   0.10376377  -0.17226084 -36.41916399  90.58785585]|MOVE:900.186645080008
[ 7.16180000e-01  2.40738800e-01  1.02884435e-01 -4.92155968e-02 -3.64161099e+01  9.06754726e+01]|MOVE:900.186645080008
[  0.71627949   0.24152522   0.1021766   -0.30758685 -30.87937981  90.54390068]|TURN:73
[  0.81423439   0.20942431   0.10160814  -0.10569721 -29.73979931  91.19750389]|MOVE:900.186645080008
[ 8.14843577e-01  2.03000893e-01  1.00758069e-01  1.68856923e+02 -9.94458016e+01 -9.92585176e+01]|TURN:-809
[ 8.74755920e-01  2.81469709e-01  1.02982837e-01  1.71726942e+02 -9.99940291e+01 -9.61188506e+01]|MOVE:900.186645080008
[ 9.34955597e-01  3.60593693e-01  1.05053847e-01  1.70513566e+02 -9.96571628e+01 -9.75166895e+01]|MOVE:900.186645080008
[ 9.34714993e-01  3.62364917e-01  1.05064282e-01  4.29607322e+01 -8.85360553e+01  1.34878535e+02]|TURN:136
[ 1.00969754e+00  4.27314847e-01  1.06241938e-01  2.75433757e+01 -8.75880916e+01  1.19346765e+02]|MOVE:900.186645080008
[ 1.08501670e+00  4.92740998e-01  1.06416229e-01  2.95334048e+01 -8.74446550e+01  1.21333799e+02]|MOVE:900.186645080008
[ 1.09234624e+00  4.88480735e-01  1.07915496e-01  1.77265050e+02 -1.56876190e+02 -9.04758685e+01]|TURN:-802
[ 1.05568879e+00  5.82740336e-01  1.11203738e-01  1.77627511e+02 -1.57164231e+02 -9.01776679e+01]|MOVE:900.186645080008
[ 1.01861655e+00  6.79039764e-01  1.12995118e-01  1.77479340e+02 -1.57244502e+02 -9.03984745e+01]|MOVE:900.186645080008
[ 1.01733457e+00  6.79413382e-01  1.13394441e-01  1.77358239e+02 -1.45694364e+02 -9.07324227e+01]|TURN:139
[ 1.00150409e+00  7.78780705e-01  1.15718708e-01  1.77441501e+02 -1.44551914e+02 -9.05570183e+01]|MOVE:900.186645080008
[ 9.85560063e-01  8.79755430e-01  1.17812684e-01  1.77414107e+02 -1.44584591e+02 -9.04595394e+01]|MOVE:900.186645080008
[ 9.86594083e-01  8.91896412e-01  1.17457948e-01 -6.52367490e-02  4.80028554e+01  8.90023590e+01]|TURN:-1961
[ 0.98207231  0.79012218  0.1157022  -0.08987894 47.20082133 88.92300732]|MOVE:900.186645080008
[ 0.98306219  0.78915416  0.11527794  0.12844176 62.89977356 88.59644382]|TURN:188
[ 9.48607569e-01  6.96241635e-01  1.12220411e-01 -2.84891443e-02  6.36935323e+01  8.88678504e+01]|MOVE:900.186645080008
[ 0.91352825  0.6042791   0.10800384 -0.50843693 63.71381344 89.37872203]|MOVE:900.186645080008
[ 0.91199241  0.60482681  0.10691107 -0.64661508 58.15574789 89.58822712]|TURN:-64
[ 0.88713797  0.50852472  0.10435274 -0.82730021 58.15715194 90.02703437]|MOVE:900.186645080008
[ 0.86423117  0.40850062  0.10376952 -0.66609491 58.37023845 90.00358848]|MOVE:900.186645080008
[ 0.84122033  0.30932831  0.10403256 -1.03125633 58.86142773 90.14779776]|MOVE:900.186645080008
[ 0.84167681  0.30811472  0.10402999 -1.23072516 67.57722806 90.14419245]|TURN:106
[ 0.79949727  0.21790431  0.1006907  -2.1369322  68.22855968 91.09584359]|MOVE:900.186645080008
[ 8.02749898e-01  2.08136978e-01  1.02591118e-01  1.77881838e+02  1.55141321e+02 -9.03156654e+01]|TURN:1007
[ 7.07956432e-01  2.49753914e-01  1.03292043e-01  1.77893381e+02  1.56050627e+02 -8.96770777e+01]|MOVE:900.186645080008
[ 7.07958671e-01  2.50477141e-01  1.03448693e-01  1.77810870e+02  1.49464715e+02 -8.95350102e+01]|TURN:-77
[ 6.08391549e-01  2.82621643e-01  1.01288847e-01  1.77968647e+02  1.49416125e+02 -8.93401530e+01]|MOVE:900.186645080008
[ 6.08589749e-01  2.83453785e-01  1.01286956e-01  1.78011921e+02  1.40929395e+02 -8.93140209e+01]|TURN:-101
[ 5.09132407e-01  2.98308525e-01  1.01196772e-01  1.78133125e+02  1.40032036e+02 -8.94226279e+01]|MOVE:900.186645080008
[ 4.10666678e-01  3.11328434e-01  1.02645864e-01  1.78301400e+02  1.40113029e+02 -8.96186795e+01]|MOVE:900.186645080008
[ 4.00723197e-01  3.10403810e-01  1.02558995e-01  1.76444556e+02 -1.13908579e+02 -9.23730088e+01]|TURN:1232
[ 4.36549447e-01  4.04055598e-01  1.02056494e-01  1.76170518e+02 -1.13459394e+02 -9.22480981e+01]|MOVE:900.186645080008
[ 4.75246885e-01  4.97033425e-01  1.03132059e-01  1.75950047e+02 -1.13353408e+02 -9.21060486e+01]|MOVE:900.186645080008
[ 4.76051371e-01  4.97045146e-01  1.03002986e-01  1.76613389e+02 -1.22796188e+02 -9.14601850e+01]|TURN:-109
[ 4.97015975e-01  5.96221033e-01  1.03758909e-01  1.76860019e+02 -1.22794830e+02 -9.13970939e+01]|MOVE:900.186645080008
[ 5.15395199e-01  6.99393638e-01  1.01677272e-01  1.76785368e+02 -1.22767490e+02 -9.14061119e+01]|MOVE:900.186645080008
[ 5.13284873e-01  7.01974078e-01  1.00222933e-01  1.76405423e+02 -1.17393230e+02 -9.19290950e+01]|TURN:71
[ 5.43899095e-01  7.99487552e-01  1.00345165e-01  1.75962507e+02 -1.16352179e+02 -9.24499921e+01]|MOVE:900.186645080008
[ 5.79977753e-01  8.92060975e-01  1.04170453e-01  1.75820592e+02 -1.16275386e+02 -9.26054141e+01]|MOVE:900.186645080008
[ 5.82233463e-01  8.91045869e-01  1.04946197e-01  1.76523041e+02 -1.28396352e+02 -9.17747973e+01]|TURN:-143
[ 5.96115851e-01  9.88863957e-01  1.09043233e-01  1.76670440e+02 -1.28957667e+02 -9.18487972e+01]|MOVE:900.186645080008
[  0.59615202   0.99631478   0.11029707  -0.49299818 -25.17327426  90.93307738]|TURN:1207
[  0.69013488   0.95694866   0.10972024  -0.43474857 -23.83225348  91.12612134]|MOVE:900.186645080008
[  0.78398201   0.91668477   0.10864293  -0.1286764  -23.64883903  91.29259872]|MOVE:900.186645080008
[  0.78379424   0.91607824   0.10794107   0.12956658 -39.02818921  91.69042805]|TURN:-170
[  0.8852803    0.89933904   0.10971188   0.18950129 -39.61250396  91.51352501]|MOVE:900.186645080008
[  0.98797353   0.8828915    0.1115801    0.09825764 -39.68715365  91.53206606]|MOVE:900.186645080008
[ 0.99399478  0.8866621   0.11031568 -0.67947745 31.74743371 90.42427612]|TURN:838
[ 1.01555086  0.78575942  0.1086914  -0.35812968 32.77357124 90.32866502]|MOVE:900.186645080008
[ 1.03782743  0.68312546  0.10785609 -0.53871799 32.84957906 90.42908073]|MOVE:900.186645080008
[ 1.05900836  0.58172032  0.10610198 -0.4468802  33.03376145 90.41706894]|MOVE:900.186645080008
[ 1.05890106  0.58047634  0.10649874 -0.45568897 26.80145934 90.58130628]|TURN:-75
[ 1.09143694  0.48188105  0.10468956 -0.28510187 26.46146103 90.62570876]|MOVE:900.186645080008
[ 1.09403881e+00  4.67504519e-01  1.06719148e-01  1.77720481e+02 -1.65996107e+02 -9.05364548e+01]|TURN:-2231
[ 1.04219711e+00  5.55815889e-01  1.09255890e-01  1.77606133e+02 -1.66816637e+02 -9.03180722e+01]|MOVE:900.186645080008
[ 1.03972730e+00  5.56007362e-01  1.10570950e-01  1.77560973e+02 -1.41177563e+02 -9.06051754e+01]|TURN:294
[ 1.03298136e+00  6.52837805e-01  1.15475578e-01  1.77527055e+02 -1.40270618e+02 -9.05186147e+01]|MOVE:900.186645080008
[ 1.03400622e+00  6.52261164e-01  1.16060133e-01  1.77739051e+02 -1.47380896e+02 -9.01611002e+01]|TURN:-86
[ 1.01195347e+00  7.52861133e-01  1.16903734e-01  1.77616023e+02 -1.47832303e+02 -9.03239176e+01]|MOVE:900.186645080008
[ 9.89943912e-01  8.54207331e-01  1.18140994e-01  1.77761643e+02 -1.47550471e+02 -9.02202944e+01]|MOVE:900.186645080008
[ 9.95308143e-01  8.63643481e-01  1.16397998e-01  1.77316442e+02  1.15261655e+02 -8.86598718e+01]|TURN:-1137
[ 8.97896372e-01  8.37073195e-01  1.12060098e-01  1.77794950e+02  1.14606368e+02 -8.87769208e+01]|MOVE:900.186645080008
[ 7.99720767e-01  8.09676020e-01  1.07849808e-01  1.78267926e+02  1.14935257e+02 -8.90407974e+01]|MOVE:900.186645080008
[ 7.04784103e-01  7.78496437e-01  1.07151432e-01  1.78039274e+02  1.14961635e+02 -8.89502626e+01]|MOVE:900.186645080008
[ 7.05009134e-01  7.76235066e-01  1.08066556e-01  1.78233302e+02  1.22265454e+02 -8.92944798e+01]|TURN:92
[ 6.04452134e-01  7.61579002e-01  1.06040389e-01  1.77892172e+02  1.23083496e+02 -8.90012660e+01]|MOVE:900.186645080008
[ 5.03316820e-01  7.46657769e-01  1.03920713e-01  1.78041859e+02  1.23387325e+02 -8.89284840e+01]|MOVE:900.186645080008
[ 4.05460816e-01  7.29612692e-01  1.04557036e-01  1.77698371e+02  1.23580749e+02 -8.90403898e+01]|MOVE:900.186645080008
[ 4.06189019e-01  7.28989002e-01  1.05505604e-01  1.77448197e+02  1.17600105e+02 -8.87549144e+01]|TURN:-75
[ 3.12719646e-01  6.99717882e-01  1.06369980e-01  1.77111144e+02  1.17080096e+02 -8.84849581e+01]|MOVE:900.186645080008
[  0.29549259   0.70215816   0.10320059   2.07276064 -74.9707625  93.14988533]|TURN:-2234
[  0.38462603   0.74832229   0.10458729   3.1273183  -75.61805972  94.67037704]|MOVE:900.186645080008
[  0.38496994   0.75123504   0.10460048   0.47102293 -53.18068572  91.71852856]|TURN:269
[  0.485119     0.75852374   0.10535798   0.48497855 -52.03984264  91.76714653]|MOVE:900.186645080008
[  0.48486377   0.75837685   0.10493966   0.94256241 -60.8208875  92.27232636]|TURN:-103
[  0.58238335   0.78181414   0.10596391   0.97643662 -61.70027647  92.42003891]|MOVE:900.186645080008
[  0.68053461   0.80485361   0.10737557   1.21858069 -61.65578225  92.66906762]|MOVE:900.186645080008
[  0.77848728   0.82867994   0.10795535   1.75924743 -61.69368319  93.55687695]|MOVE:900.186645080008
[  0.87652666   0.85274654   0.10932601   1.09266645 -61.73998302  92.86324211]|MOVE:900.186645080008
[  0.97649016   0.87432713   0.11234136   0.90373044 -61.92391789  92.72064704]|MOVE:900.186645080008
[ 9.90547841e-01  8.66073077e-01  1.16022320e-01  1.77918986e+02  1.44003161e+02 -8.98863828e+01]|TURN:-1805
[ 8.86700386e-01  8.92063675e-01  1.11271103e-01  1.78310645e+02  1.43385023e+02 -8.96529480e+01]|MOVE:900.186645080008
[ 8.83530142e-01  8.93359823e-01  1.09263369e-01  1.78325987e+02  1.63935321e+02 -9.00823435e+01]|TURN:237
[ 7.96421492e-01  9.47569057e-01  1.10003011e-01  1.77919674e+02  1.65090209e+02 -8.99230231e+01]|MOVE:900.186645080008
[ 7.08341464e-01  1.00348272e+00  1.10582680e-01  1.77770218e+02  1.65019168e+02 -8.99250320e+01]|MOVE:900.186645080008
[ 7.07877800e-01  1.01165016e+00  1.09229748e-01  1.77410788e+02  1.05624483e+02 -8.85076265e+01]|TURN:-691
[ 6.19782490e-01  9.64746913e-01  1.08352886e-01  1.77950034e+02  1.05297782e+02 -8.90624186e+01]|MOVE:900.186645080008
[ 5.30897863e-01  9.18169930e-01  1.06582412e-01  1.78348438e+02  1.05577637e+02 -8.92707147e+01]|MOVE:900.186645080008
[ 5.30566323e-01  9.16892492e-01  1.06505059e-01  1.78335917e+02  1.16438976e+02 -8.93906240e+01]|TURN:130
[ 4.34404410e-01  8.90180385e-01  1.05746903e-01  1.78481844e+02  1.17370095e+02 -8.96501449e+01]|MOVE:900.186645080008
[ 0.431495    0.89428185  0.10571423 -0.31216072 64.05131967 89.60480856]|TURN:-616
[ 0.39871549  0.79920101  0.10395955 -0.29263824 63.66866666 89.60475291]|MOVE:900.186645080008
[ 0.36728033  0.70286948  0.10367462 -0.5532097  63.62653762 89.51912753]|MOVE:900.186645080008
[ 0.36867822  0.70111817  0.10425472  1.37174294 79.54404099 87.18573867]|TURN:190
[ 0.30931663  0.62164645  0.10260868  1.19948694 80.32170579 87.54572526]|MOVE:900.186645080008
[ 0.30328062  0.62391508  0.10222618 -0.45715282 20.28116712 90.3679445 ]|TURN:-692
[ 0.34667543  0.52741904  0.10223532 -0.59711308 19.51909278 90.77380166]|MOVE:900.186645080008
[ 0.38507307  0.43479602  0.09882488 -0.63636203 20.14492592 90.96914481]|MOVE:900.186645080008
[ 0.38593279  0.43377233  0.09850217 -0.94091599 27.49403169 91.02317476]|TURN:91
[ 0.4099877   0.34805576  0.09941966 -0.9346442  18.48545175 90.66169496]|MOVE:900.186645080008
[  0.40804941   0.34365316   0.10037375   0.226444   -32.13761922  91.70948445]|TURN:-591
[ 4.67329843e-01  3.46588648e-01  9.94879877e-02 -7.78030259e-02 -1.51807351e+01  9.11181370e+01]|MOVE:900.186645080008
[ 0.46987447  0.34821169  0.09918678 -0.75666089 17.81731445 90.7942733 ]|TURN:387
[ 0.47387802  0.34536088  0.09964299 -0.95392944 20.68501614 90.50941155]|MOVE:900.186645080008
[ 0.47612633  0.34679571  0.10010602 -1.06311743 43.5327123  90.01780181]|TURN:278
[ 0.46791696  0.33716225  0.10103899 -1.35220744 37.93843359 90.13045366]|MOVE:900.186645080008
[  0.4506226    0.33705242   0.10266887  -0.16530775 -53.17157954  91.41358472]|TURN:-1201
[  0.49956261   0.34663974   0.10296999  -0.59568632 -20.11126059  91.00622472]|MOVE:900.186645080008
[ 0.50232203  0.35101144  0.10120421 -0.87648211 35.89530838 90.05649075]|TURN:665
[ 0.50297586  0.3218534   0.09877341 -0.96647356 35.59370278 90.07394226]|MOVE:900.186645080008
[  0.49280731   0.33035554   0.09947308  -0.58208591 -10.80909406  90.72960364]|TURN:-635
[ 0.52492724  0.31656939  0.10015487 -0.43567304 -1.81000952 90.75862011]|MOVE:900.186645080008
[ 0.52679371  0.31704913  0.09980062 -0.65796564 20.17179915 90.09425551]|TURN:253
[ 0.56639451  0.22198305  0.09836619 -0.47296452 20.53775877 89.82905692]|MOVE:900.186645080008
[  0.56311428   0.21801869   0.0992146    0.10092615 -40.42841508  90.92235   ]|TURN:-717
[ 6.65411552e-01  2.03562492e-01  1.02361640e-01 -5.84847681e-02 -4.01219403e+01  9.07117289e+01]|MOVE:900.186645080008
[  0.66629571   0.20049723   0.10235908   2.65345525 -72.95051474  93.79483604]|TURN:-380
[  0.75420007   0.24436897   0.10158693   3.06101496 -73.28928949  94.76920905]|MOVE:900.186645080008
[  0.75525247   0.24592843   0.10128787   1.7278797  -65.65393226  93.40406575]|TURN:88
[  0.85075479   0.27529227   0.10153054   2.26207522 -64.95526652  94.43652502]|MOVE:900.186645080008
[  0.94607394   0.30424811   0.10173912   2.34857166 -65.00833046  94.41573131]|MOVE:900.186645080008
[ 9.46786283e-01  2.99073902e-01  1.01618313e-01  1.74575789e+02 -1.12165079e+02 -9.33894268e+01]|TURN:-574
[ 9.86749500e-01  3.88895326e-01  1.03751060e-01  1.75733617e+02 -1.11803958e+02 -9.22648480e+01]|MOVE:900.186645080008
[ 1.02833874e+00  4.80348325e-01  1.06022987e-01  1.75387053e+02 -1.11876939e+02 -9.29078714e+01]|MOVE:900.186645080008
[ 1.02834479e+00  4.81585615e-01  1.06130623e-01  1.73980611e+02 -1.05224073e+02 -9.43394008e+01]|TURN:81
[ 1.08052034e+00  5.66953157e-01  1.07470121e-01  1.73117818e+02 -1.04454089e+02 -9.50102904e+01]|MOVE:900.186645080008
[ 1.08721995e+00  5.63145101e-01  1.09731649e-01  1.77367534e+02 -1.57077727e+02 -9.04468545e+01]|TURN:-607
[ 1.05046368e+00  6.57561233e-01  1.12811705e-01  1.77478220e+02 -1.57341760e+02 -9.03111621e+01]|MOVE:900.186645080008
[ 1.01300045e+00  7.53969581e-01  1.14588183e-01  1.77550137e+02 -1.57057793e+02 -9.03370093e+01]|MOVE:900.186645080008
[ 1.01196820e+00  7.54455768e-01  1.14920624e-01  1.77414450e+02 -1.48721311e+02 -9.04708787e+01]|TURN:101
[ 9.90604722e-01  8.53588332e-01  1.16987288e-01  1.77551446e+02 -1.48003168e+02 -9.02763526e+01]|MOVE:900.186645080008
[ 0.99091598  0.86585805  0.11659365 -0.31688352 32.22277209 89.88388604]|TURN:-2096
[ 1.0127062   0.76694187  0.11464988 -0.40396204 31.91192634 89.75954406]|MOVE:900.186645080008
[ 1.0150687   0.76560278  0.11448845 -0.28628537 51.74357497 89.14821329]|TURN:228
[ 1.00125801  0.66633924  0.1124109  -0.55248112 52.14441836 89.32033282]|MOVE:900.186645080008
[ 0.98656478  0.56776804  0.10922149 -0.66329973 52.34319869 89.41812158]|MOVE:900.186645080008
[ 0.98531551  0.5684442   0.10842322 -0.71019478 44.07906442 89.59746304]|TURN:-96
[ 0.98627281  0.46732422  0.10575125 -0.27694149 43.32650462 89.42792585]|MOVE:900.186645080008
[ 0.98782111  0.36478507  0.10375966 -0.45481707 43.48539101 89.79824091]|MOVE:900.186645080008
[ 9.90935168e-01  3.59177483e-01  1.02803595e-01  1.77697478e+02  1.09434383e+02 -8.84993029e+01]|TURN:769
[ 8.98367081e-01  3.22057918e-01  1.01347167e-01  1.77917408e+02  1.10352554e+02 -8.93460504e+01]|MOVE:900.186645080008
[ 8.97748947e-01  3.22381065e-01  1.01446937e-01  1.78045028e+02  1.03992546e+02 -8.92191438e+01]|TURN:-76
[ 8.11355943e-01  2.73577479e-01  1.01290759e-01  1.77491608e+02  1.03642252e+02 -8.85622534e+01]|MOVE:900.186645080008
[ 7.23434663e-01  2.25831073e-01  1.00623562e-01  1.75954472e+02  1.03778980e+02 -8.71407107e+01]|MOVE:900.186645080008
[ 7.12971972e-01  2.20820752e-01  1.00620179e-01  1.75152929e+02 -1.04323064e+02 -9.30839026e+01]|TURN:1763
[ 7.66761767e-01  3.03865133e-01  1.02319572e-01  1.74634535e+02 -1.03641017e+02 -9.29803985e+01]|MOVE:900.186645080008
[ 7.68412630e-01  3.02943130e-01  1.03222665e-01  1.76418421e+02 -1.12732926e+02 -9.13709351e+01]|TURN:-107
[ 8.07233775e-01  3.95145648e-01  1.04369416e-01  1.76731746e+02 -1.13152270e+02 -9.11692217e+01]|MOVE:900.186645080008
[ 8.45000019e-01  4.87932377e-01  1.05641856e-01  1.76771732e+02 -1.12942019e+02 -9.13791574e+01]|MOVE:900.186645080008
[ 8.84177038e-01  5.81479741e-01  1.06599937e-01  1.75518679e+02 -1.12809908e+02 -9.25607442e+01]|MOVE:900.186645080008
[ 9.22725740e-01  6.74937917e-01  1.08000806e-01  1.75521133e+02 -1.12678033e+02 -9.25576341e+01]|MOVE:900.186645080008
[ 9.23476999e-01  6.75085170e-01  1.08058151e-01  1.76102711e+02 -1.19212821e+02 -9.20368601e+01]|TURN:-79
[ 9.52729995e-01  7.69305771e-01  1.11797177e-01  1.76586985e+02 -1.19556855e+02 -9.14545335e+01]|MOVE:900.186645080008
[ 9.83372399e-01  8.60888335e-01  1.17324061e-01  1.76615547e+02 -1.19502687e+02 -9.16742285e+01]|MOVE:900.186645080008
[ 0.98645245  0.87158209  0.11692988 -0.70504625 28.77048335 89.94665432]|TURN:1730
[ 1.0125901   0.77269338  0.11525982 -0.59160613 29.74010418 90.06969475]|MOVE:900.186645080008
[ 1.01177484  0.77230403  0.11531228 -0.68422431 20.75707653 90.29141234]|TURN:-107
[ 1.05433337  0.6759728   0.11514872 -0.73151353 20.72742568 90.54264917]|MOVE:900.186645080008
[ 1.05402167  0.67591716  0.11510111 -0.77505732 12.51326309 90.73334339]|TURN:-96
[ 1.10951427  0.58818445  0.1147479  -1.1229432  11.94779886 90.47615895]|MOVE:900.186645080008
[ 1.11188888e+00  5.79395420e-01  1.11847000e-01  1.77390306e+02 -1.66572031e+02 -9.04905718e+01]|TURN:2107
[ 1.06033353e+00  6.69044069e-01  1.12895496e-01  1.77499819e+02 -1.65620089e+02 -9.03255141e+01]|MOVE:900.186645080008
[ 1.06169382e+00  6.70346533e-01  1.12932384e-01  1.77627371e+02  1.76998838e+02 -9.01733136e+01]|TURN:-203
[ 9.86064763e-01  7.41880410e-01  1.13459618e-01  1.78035133e+02  1.76523213e+02 -9.00632890e+01]|MOVE:900.186645080008
[ 9.09887243e-01  8.14193202e-01  1.13398912e-01  1.78027621e+02  1.76748077e+02 -8.98403313e+01]|MOVE:900.186645080008
[ 8.34436952e-01  8.85954806e-01  1.13786969e-01  1.78151001e+02  1.76941279e+02 -9.00566521e+01]|MOVE:900.186645080008
[ 7.57950215e-01  9.61243345e-01  1.12561026e-01  1.77874125e+02  1.76971896e+02 -9.01890230e+01]|MOVE:900.186645080008
[ 7.57907010e-01  9.62870857e-01  1.12451536e-01  1.77960782e+02  1.65813035e+02 -8.98761083e+01]|TURN:-135
[ 6.69888579e-01  1.02075585e+00  1.11468419e-01  1.77688850e+02  1.65040889e+02 -8.96870127e+01]|MOVE:900.186645080008
[ 0.66669939  1.03347911  0.11054661 -0.5761042  51.93466548 89.1057931 ]|TURN:-1313
[ 0.65378733  0.93179906  0.10836135 -0.41584428 51.45861336 89.28769081]|MOVE:900.186645080008
[ 0.65494241  0.93031067  0.10839845 -0.50916759 62.40370781 89.3273699 ]|TURN:135
[ 0.62198479  0.83510393  0.10645769 -0.28701713 63.50209073 89.47201222]|MOVE:900.186645080008
[ 0.58922041  0.73842568  0.105399   -0.13104085 63.23321855 89.28140856]|MOVE:900.186645080008
[ 0.55690272  0.64212417  0.10465972 -0.45826883 63.60728274 89.43411946]|MOVE:900.186645080008
[ 0.52510452  0.54580892  0.10459369 -0.6287921  63.48059111 89.42387242]|MOVE:900.186645080008
[ 0.52552376  0.54396509  0.10485311 -0.29529339 70.30281769 89.09474816]|TURN:88
[ 0.4798879   0.45627059  0.10318229 -0.5677107  71.40462511 89.45489155]|MOVE:900.186645080008
[ 0.43370982  0.36734805  0.10207482 -0.25899051 71.40193387 89.1644948 ]|MOVE:900.186645080008
[ 4.28831585e-01  3.57372226e-01  1.03346649e-01  1.76596245e+02 -1.25867316e+02 -9.13187957e+01]|TURN:1898
[ 4.45912776e-01  4.57018254e-01  1.03191941e-01  1.76605096e+02 -1.24601313e+02 -9.13740973e+01]|MOVE:900.186645080008
[ 4.46627906e-01  4.57689410e-01  1.02735424e-01  1.76905493e+02 -1.37106259e+02 -9.10274999e+01]|TURN:-146
[ 4.41910826e-01  5.60373965e-01  1.02924666e-01  1.76801130e+02 -1.37667855e+02 -9.12517360e+01]|MOVE:900.186645080008
[ 4.35922152e-01  6.66190037e-01  1.01843846e-01  1.76605682e+02 -1.37377186e+02 -9.11759203e+01]|MOVE:900.186645080008
[ 4.29962006e-01  7.71542974e-01  1.01040065e-01  1.76815508e+02 -1.37200370e+02 -9.11961400e+01]|MOVE:900.186645080008
[ 4.29251468e-01  8.71804029e-01  1.04114022e-01  1.76816596e+02 -1.37323465e+02 -9.15802908e+01]|MOVE:900.186645080008
[  0.42706853   0.87924048   0.10501097   0.29289943 -40.3245523  91.47165821]|TURN:1124
[  0.52904576   0.86347098   0.10658715   0.12280787 -39.86684408  91.44900986]|MOVE:900.186645080008
[  0.52952688   0.86240174   0.10675255   0.18224112 -47.30098461  91.5638528 ]|TURN:-90
[  0.63251362   0.86016949   0.10894664   0.24122205 -47.91041081  91.45998335]|MOVE:900.186645080008
[  0.63308389   0.85969887   0.10892881   0.30230768 -53.2123174  91.60058122]|TURN:-69
[  0.73364185   0.86931084   0.10980994   0.75056165 -53.85275917  92.32841273]|MOVE:900.186645080008
[  0.8336893    0.88062228   0.11024416   0.55372098 -53.81731142  92.25399421]|MOVE:900.186645080008
[  0.83443377   0.8813966    0.11021079   0.26405201 -48.40350732  91.98740343]|TURN:70
[  0.93585584   0.88054054   0.11117607   0.14003851 -47.92550332  92.06470938]|MOVE:900.186645080008
[ 9.48819954e-01  8.75675177e-01  1.13059340e-01  1.78041506e+02  1.21450743e+02 -8.96689770e+01]|TURN:1966
[ 8.47946291e-01  8.62207816e-01  1.08984227e-01  1.78285178e+02  1.22493616e+02 -8.96296949e+01]|MOVE:900.186645080008
[ 8.46849281e-01  8.64044108e-01  1.08791309e-01  1.78795316e+02  1.08084722e+02 -8.99292045e+01]|TURN:-173
[ 7.55363913e-01  8.22928878e-01  1.06142116e-01  1.79313565e+02  1.07500318e+02 -9.01553108e+01]|MOVE:900.186645080008
[ 6.63697146e-01  7.81707005e-01  1.04122947e-01  1.78812591e+02  1.07745853e+02 -8.99899576e+01]|MOVE:900.186645080008
[ 5.72629255e-01  7.39297151e-01  1.03237121e-01  1.78129347e+02  1.07682059e+02 -8.89928315e+01]|MOVE:900.186645080008
[ 4.86512836e-01  6.91912396e-01  1.05870650e-01  1.76943182e+02  1.08071956e+02 -8.79357338e+01]|MOVE:900.186645080008
[ 3.98834887e-01  6.48219155e-01  1.06575700e-01  1.76500700e+02  1.08131013e+02 -8.77475578e+01]|MOVE:900.186645080008
[ 3.08488100e-01  6.06153840e-01  1.06040590e-01  1.76224644e+02  1.08155134e+02 -8.75905100e+01]|MOVE:900.186645080008
[  0.29285023   0.60664583   0.10358912   2.29489581 -75.61835192  93.26425525]|TURN:-2131
[  0.37990042   0.65504714   0.10415055   2.15193752 -76.21494099  93.68278938]|MOVE:900.186645080008
[ 3.80415446e-01  6.57543998e-01  1.04529809e-01 -8.10556789e-02 -5.08892651e+01  9.11999201e+01]|TURN:299
[  0.48402858   0.65832331   0.10712483   0.22116586 -50.02004167  91.60334081]|MOVE:900.186645080008
[  0.48376057   0.65782411   0.10665783   0.99832261 -61.93965505  92.34774016]|TURN:-142
[  0.57839461   0.68448167   0.10600136   1.0732291  -62.70595771  92.55320366]|MOVE:900.186645080008
[  0.67488267   0.7105297    0.10625384   1.24882991 -62.64492966  92.86138133]|MOVE:900.186645080008
[  0.77306957   0.73567855   0.10745646   1.27009073 -62.50519648  93.08881483]|MOVE:900.186645080008
[  0.77405967   0.7365293    0.10771191   0.40677683 -52.53410116  92.01902756]|TURN:120
[  0.8738476    0.74364996   0.1084165   -0.09321507 -51.65963788  91.46021462]|MOVE:900.186645080008
[ 8.85294240e-01  7.43729221e-01  1.07902278e-01  1.76844208e+02  1.02482515e+02 -8.82016406e+01]|TURN:1793
[ 7.98351680e-01  6.94938967e-01  1.05994356e-01  1.77256950e+02  1.03393537e+02 -8.83327753e+01]|MOVE:900.186645080008
[ 7.98191176e-01  6.94768097e-01  1.06781246e-01  1.46411104e+02  9.07437550e+01 -5.76239225e+01]|TURN:-148
[ 7.26731026e-01  6.25496317e-01  1.06641682e-01  1.45503796e+02  9.05327943e+01 -5.68301736e+01]|MOVE:900.186645080008
[ 6.49807325e-01  5.61240693e-01  1.02369162e-01  1.43400909e+02  9.03422803e+01 -5.45306180e+01]|MOVE:900.186645080008
[ 0.64831525  0.56263245  0.10149787 -0.43708419 80.99659332 89.44520711]|TURN:-107
[ 0.58996617  0.48179257  0.10177099 -0.40009342 80.97146873 89.32595287]|MOVE:900.186645080008
[ 5.80224701e-01  4.75705182e-01  1.01307777e-01  1.74268626e+02 -1.05368906e+02 -9.40836357e+01]|TURN:-2177
[ 6.32608797e-01  5.59384869e-01  1.04438043e-01  1.74636323e+02 -1.05818106e+02 -9.36082219e+01]|MOVE:900.186645080008
[  0.63091956   0.56355188   0.10320336  10.12014249 -84.31499947 101.75561373]|TURN:253
[  0.70908093   0.62467622   0.10271195   8.71713108 -83.59615354 100.55859076]|MOVE:900.186645080008
[  0.79080552   0.68205534   0.10557647   7.49822369 -83.38197059  99.16984084]|MOVE:900.186645080008
[ 7.92275828e-01  6.79706619e-01  1.06525598e-01  1.72533315e+02 -9.87998123e+01 -9.57214207e+01]|TURN:-182
[ 8.53458264e-01  7.57808605e-01  1.09271997e-01  1.72044661e+02 -9.94010400e+01 -9.63564297e+01]|MOVE:900.186645080008
[ 0.86264002  0.76616988  0.10885314  0.10205563 72.5489157  88.87361035]|TURN:-2204
[ 0.81559305  0.67747786  0.10723127  0.8542125  71.76438087 88.02485253]|MOVE:900.186645080008
[ 8.16604070e-01  6.73740719e-01  1.07583733e-01  1.74217822e+02  9.79955723e+01 -8.57011997e+01]|TURN:306
[ 7.34215975e-01  6.18372023e-01  1.05601480e-01  1.76113397e+02  9.88058645e+01 -8.72298524e+01]|MOVE:900.186645080008
[ 7.33190474e-01  6.18985037e-01  1.05248693e-01  1.67136171e+02  9.20319415e+01 -7.82663694e+01]|TURN:-79
[ 6.56833769e-01  5.55156091e-01  1.02254129e-01  1.68388538e+02  9.17269138e+01 -7.94766444e+01]|MOVE:900.186645080008
[ 0.65533016  0.55612988  0.1014077   1.99961073 86.18811491 86.94668929]|TURN:-66
[ 0.58842865  0.48265987  0.10011095  2.53096734 86.12348878 86.55902445]|MOVE:900.186645080008
[ 5.80297098e-01  4.74768400e-01  1.01542587e-01  1.74899431e+02 -1.06481722e+02 -9.33724049e+01]|TURN:-2254
[ 6.31057783e-01  5.60100812e-01  1.04394559e-01  1.75215320e+02 -1.06877399e+02 -9.30925324e+01]|MOVE:900.186645080008
[  0.62914096   0.56433394   0.10315615  10.73205563 -84.88141137 102.3404079 ]|TURN:257
[  0.70656435   0.62650809   0.10264334   9.1654952  -83.94078915 100.89448657]|MOVE:900.186645080008
[  0.78750784   0.68522961   0.10487442   8.40394463 -83.77830713 100.02533634]|MOVE:900.186645080008
[ 7.89170742e-01  6.83279009e-01  1.05981886e-01  1.66436500e+02 -9.44906973e+01 -1.01737365e+02]|TURN:-128
[ 8.56631939e-01  7.56166931e-01  1.09069956e-01  1.66973373e+02 -9.50865966e+01 -1.01408928e+02]|MOVE:900.186645080008
[ 8.67044914e-01  7.60763057e-01  1.08000342e-01  1.77331994e+02  1.17444476e+02 -8.87283712e+01]|TURN:-1726
[ 7.72415132e-01  7.30828874e-01  1.09059050e-01  1.78377485e+02  1.17351331e+02 -8.94047137e+01]|MOVE:900.186645080008
[ 7.72178390e-01  7.27720748e-01  1.09867262e-01  1.78058928e+02  1.37928285e+02 -8.95093705e+01]|TURN:246
[ 6.69465657e-01  7.41655505e-01  1.07400641e-01  1.78111756e+02  1.38665249e+02 -8.94799802e+01]|MOVE:900.186645080008
[ 6.69036490e-01  7.42374553e-01  1.07223928e-01  1.78007227e+02  1.32754631e+02 -8.92115163e+01]|TURN:-77
[ 5.66928416e-01  7.44196341e-01  1.05943131e-01  1.78323343e+02  1.32530547e+02 -8.95982127e+01]|MOVE:900.186645080008
[ 0.56011422  0.75357295  0.10455478 -0.19520378 35.2631125  90.11603565]|TURN:-1130
[ 0.57460818  0.65412009  0.10103869 -0.52890647 34.55052581 90.27155901]|MOVE:900.186645080008
[ 0.57597933  0.65279496  0.10145592 -0.42834653 44.26371009 90.08756897]|TURN:120
[ 0.57460979  0.55032154  0.10026972 -0.6195505  45.39745915 90.08057955]|MOVE:900.186645080008
[ 0.57624478  0.54814674  0.10108091 -0.84700256 55.58845079 89.91098882]|TURN:124
[ 0.55758519  0.44775802  0.10187375 -0.81676442 56.60490483 89.781846  ]|MOVE:900.186645080008
[  0.54788422   0.44465687   0.10091635   0.21112206 -53.04572796  91.68979452]|TURN:-1279
[  0.64767232   0.45415397   0.10113758   0.41572799 -53.50985498  91.85031076]|MOVE:900.186645080008
[  0.74859371   0.46398703   0.10135066   0.31356431 -53.2213504  91.95451827]|MOVE:900.186645080008
[ 7.49611050e-01  4.64967658e-01  1.01400120e-01 -9.49978486e-03 -4.37436729e+01  9.15371529e+01]|TURN:112
[  0.85149086   0.45466367   0.10231398   0.15827829 -42.62475875  91.57909807]|MOVE:900.186645080008
[ 8.57664926e-01  4.45633659e-01  1.02702032e-01  1.77217498e+02 -1.48264681e+02 -9.09193281e+01]|TURN:-1224
[ 8.37124122e-01  5.43335837e-01  1.07146579e-01  1.77661011e+02 -1.48566547e+02 -9.05854527e+01]|MOVE:900.186645080008
[ 8.36304566e-01  5.44172738e-01  1.07669748e-01  1.77308398e+02 -1.37475514e+02 -9.08498222e+01]|TURN:131
[ 8.33084953e-01  6.46570364e-01  1.08474443e-01  1.77592156e+02 -1.36643791e+02 -9.06518492e+01]|MOVE:900.186645080008
[ 8.32516557e-01  6.47716184e-01  1.08556883e-01  1.77234390e+02 -1.29232357e+02 -9.10905031e+01]|TURN:91
[ 8.44538190e-01  7.48185010e-01  1.09755052e-01  1.77022003e+02 -1.27993579e+02 -9.13399304e+01]|MOVE:900.186645080008
[ 0.8521244   0.75859852  0.10928097  1.64818121 79.7786599  87.16429624]|TURN:-1785
[ 0.79555489  0.67511145  0.10901022  2.65349174 79.08817    86.13969877]|MOVE:900.186645080008
[ 7.95427497e-01  6.72677296e-01  1.09091605e-01  1.69824535e+02  9.35667953e+01 -8.10912891e+01]|TURN:173
[ 7.16048791e-01  6.14034894e-01  1.05237187e-01  1.72223503e+02  9.46088877e+01 -8.34988092e+01]|MOVE:900.186645080008
[ 0.71520584  0.61490495  0.10490293  4.74946545 87.15273318 83.8514859 ]|TURN:-89
[ 0.64693393  0.5429884   0.10321068  4.12206964 86.69406892 84.62511793]|MOVE:900.186645080008
[ 0.57685648  0.47123848  0.10079366  4.02012031 87.07436709 85.01643954]|MOVE:900.186645080008
[ 5.71645794e-01  4.60781740e-01  1.02989919e-01  1.77328246e+02 -1.30718563e+02 -9.09995998e+01]|TURN:1660
[ 5.80726509e-01  5.62315913e-01  1.03775028e-01  1.77149605e+02 -1.29714372e+02 -9.10515789e+01]|MOVE:900.186645080008
[ 5.81794359e-01  5.62831634e-01  1.03777563e-01  1.77353056e+02 -1.39857832e+02 -9.07778349e+01]|TURN:-119
[ 5.69737446e-01  6.68102561e-01  1.02039915e-01  1.77336137e+02 -1.40331364e+02 -9.09248422e+01]|MOVE:900.186645080008
[ 5.61825645e-01  7.70314538e-01  1.04073835e-01  1.77163923e+02 -1.40312285e+02 -9.09493915e+01]|MOVE:900.186645080008
[ 0.56356594  0.77990289  0.10581125 -0.40278409 13.75392282 90.17806978]|TURN:1795
[ 0.61721368  0.68683761  0.10703947 -0.78898654 14.81665214 90.28661728]|MOVE:900.186645080008
[ 0.61721199  0.68499454  0.10771652 -0.61256405  3.32618149 90.29361797]|TURN:-137
[ 0.68514391  0.6052256   0.10756781 -0.51538208  2.64917756 90.35241379]|MOVE:900.186645080008
[ 0.68381928  0.60554943  0.10671506 -0.4555381  -4.84234788 90.48644675]|TURN:-88
[ 0.76087442  0.53671743  0.10567379 -0.38283591 -5.20405912 90.55663251]|MOVE:900.186645080008
[ 0.83792847  0.46810159  0.10475066 -0.34027348 -5.03333378 90.28901028]|MOVE:900.186645080008
[ 8.40433580e-01  4.56662215e-01  1.03760751e-01  1.77761418e+02 -1.46807312e+02 -9.05310415e+01]|TURN:-1649
[ 8.21568229e-01  5.55284071e-01  1.07393558e-01  1.77832736e+02 -1.47455633e+02 -9.04301859e+01]|MOVE:900.186645080008
[ 8.19889553e-01  5.56142957e-01  1.07786943e-01  1.77503284e+02 -1.29768244e+02 -9.07954529e+01]|TURN:210
[ 8.29756608e-01  6.57797023e-01  1.08325495e-01  1.77509232e+02 -1.28839078e+02 -9.08674933e+01]|MOVE:900.186645080008
[ 8.42076525e-01  7.58289014e-01  1.10216158e-01  1.77350070e+02 -1.28704974e+02 -9.10858977e+01]|MOVE:900.186645080008
[ 8.49760285e-01  7.62679207e-01  1.09959839e-01  1.77974005e+02  1.37921388e+02 -8.92885544e+01]|TURN:-1092
[ 7.45010146e-01  7.77708205e-01  1.05070223e-01  1.78647606e+02  1.38003483e+02 -8.99080552e+01]|MOVE:900.186645080008
[ 6.44753375e-01  7.86286240e-01  1.06034227e-01  1.78272342e+02  1.37437910e+02 -8.97424347e+01]|MOVE:900.186645080008
[ 0.64326607  0.79109121  0.10598926  2.3589235  84.40082101 87.04687025]|TURN:-619
[ 0.58009429  0.71390496  0.10567454  2.13335469 83.76008265 87.07446684]|MOVE:900.186645080008
[ 5.79913825e-01  7.12080882e-01  1.05902080e-01  1.67252021e+02  9.18530384e+01 -7.80938733e+01]|TURN:99
[ 5.03235865e-01  6.49475370e-01  1.03037825e-01  1.69319067e+02  9.28440854e+01 -8.00603593e+01]|MOVE:900.186645080008
[ 0.49590993  0.65460716  0.10213924 -0.62125941 21.14775251 90.35894663]|TURN:-833
[ 0.53559288  0.55923723  0.10036746 -0.66489471 20.63174951 90.55549252]|MOVE:900.186645080008
[ 0.53646279  0.55841952  0.10041539 -0.629645   27.67039157 90.41367513]|TURN:86
[ 0.56503668  0.45833033  0.09945466 -0.71016418 28.36797762 90.41573624]|MOVE:900.186645080008
[ 5.60791220e-01  4.54572083e-01  9.96572748e-02  8.56153907e-02 -3.39246488e+01  9.14170680e+01]|TURN:-734
[  0.66199613   0.42863903   0.1015883   -0.13653141 -34.4867802  91.38989374]|MOVE:900.186645080008
[  0.76352402   0.40276289   0.10353803  -0.4805932  -34.27588565  90.86661408]|MOVE:900.186645080008
[ 7.64477414e-01  3.96382574e-01  1.02906052e-01  1.74232358e+02 -1.01993962e+02 -9.37914721e+01]|TURN:-788
[ 8.20650905e-01  4.77821419e-01  1.05027710e-01  1.74202520e+02 -1.02300151e+02 -9.40460602e+01]|MOVE:900.186645080008
[ 8.20224905e-01  4.79861755e-01  1.04643306e-01  1.62524562e+02 -9.33369794e+01 -1.05723140e+02]|TURN:107
[ 8.90077221e-01  5.50062511e-01  1.07373145e-01  1.59673112e+02 -9.26842507e+01 -1.08307164e+02]|MOVE:900.186645080008
[ 8.95963385e-01  5.46711730e-01  1.07127857e-01  1.77748462e+02 -1.55350466e+02 -8.98821871e+01]|TURN:-732
[ 8.61079528e-01  6.42745164e-01  1.09069827e-01  1.77972040e+02 -1.56159429e+02 -8.98242284e+01]|MOVE:900.186645080008
[ 8.60869874e-01  6.42916945e-01  1.10023415e-01  1.77927291e+02 -1.50195268e+02 -9.00779179e+01]|TURN:76
[ 8.37288751e-01  7.41332537e-01  1.12117577e-01  1.77856898e+02 -1.49229079e+02 -9.00903052e+01]|MOVE:900.186645080008
[ 8.40509742e-01  7.47520374e-01  1.10438379e-01  1.78153009e+02  1.45273776e+02 -8.90179014e+01]|TURN:-769
[ 7.38495839e-01  7.74470113e-01  1.06772845e-01  1.78479296e+02  1.44820818e+02 -8.96822244e+01]|MOVE:900.186645080008
[ 7.38387174e-01  7.75022063e-01  1.06819682e-01  1.78362328e+02  1.37843985e+02 -8.96623054e+01]|TURN:-86
[ 6.37215388e-01  7.84669775e-01  1.06415924e-01  1.78350485e+02  1.37353930e+02 -8.97610903e+01]|MOVE:900.186645080008
[  0.62513567   0.78857804   0.10649989   0.38686986 -50.24928541  91.35524449]|TURN:-2188
[  0.72729277   0.79273742   0.10740284   0.4323674  -50.5384439  92.30591282]|MOVE:900.186645080008
[  0.72912292   0.79611601   0.10737951  -0.17360132 -19.33890158  91.03802092]|TURN:369
[  0.82156623   0.74420833   0.10850517   0.36777221 -18.53076928  91.1556684 ]|MOVE:900.186645080008
[ 8.30672478e-01  7.38300481e-01  1.08127246e-01  1.78146817e+02  1.26869704e+02 -8.91278218e+01]|TURN:1717
[ 7.29778811e-01  7.31177814e-01  1.06564388e-01  1.78287515e+02  1.28159028e+02 -8.94973864e+01]|MOVE:900.186645080008
[ 7.29213069e-01  7.32351521e-01  1.06584570e-01  1.78032204e+02  1.15798937e+02 -8.90643776e+01]|TURN:-145
[ 6.33701735e-01  7.03373237e-01  1.05569573e-01  1.77859459e+02  1.15659082e+02 -8.90067771e+01]|MOVE:900.186645080008
[ 6.33727967e-01  7.03887682e-01  1.05902538e-01  1.77536296e+02  1.09615635e+02 -8.85583372e+01]|TURN:-75
[ 5.43340160e-01  6.61921556e-01  1.05696845e-01  1.77123650e+02  1.09182489e+02 -8.79974932e+01]|MOVE:900.186645080008
[ 0.53306257  0.66839497  0.10454556 -0.16201759 -4.06515696 90.28244785]|TURN:-1317
[ 0.61147573  0.59678916  0.10503148 -0.11232087 -4.51043208 90.64668125]|MOVE:900.186645080008
[ 6.12288515e-01  5.97415042e-01  1.04380031e-01 -6.41271778e-02  5.65242258e+00  9.03930367e+01]|TURN:124
[ 6.76372637e-01  5.12976205e-01  1.04967768e-01 -6.65454207e-02  6.07962863e+00  9.03175650e+01]|MOVE:900.186645080008
[ 0.73824249  0.43096488  0.10336073 -0.33215268  6.42096389 90.40688381]|MOVE:900.186645080008
[ 7.46365113e-01  4.20004640e-01  1.03891873e-01  1.78100033e+02  1.53069294e+02 -8.95653849e+01]|TURN:1709
[ 6.51633244e-01  4.56876404e-01  1.04618812e-01  1.78182748e+02  1.53854077e+02 -8.98887116e+01]|MOVE:900.186645080008
[ 6.52514722e-01  4.58331642e-01  1.05115279e-01  1.78002479e+02  1.37177107e+02 -8.95201456e+01]|TURN:-196
[ 5.52132963e-01  4.66666422e-01  1.04787916e-01  1.78253511e+02  1.36585250e+02 -8.94239033e+01]|MOVE:900.186645080008
[  0.53826235   0.46934079   0.10342501   5.67044454 -82.74596716  97.11451306]|TURN:1648
[  0.6189921    0.52668651   0.10378237   5.85357153 -81.78917549  97.49742173]|MOVE:900.186645080008
[  0.69952665   0.58466463   0.10386323   5.25851984 -81.63698612  96.93098668]|MOVE:900.186645080008
[ 7.00663795e-01  5.84114787e-01  1.03733720e-01  1.64804676e+02 -9.44378546e+01 -1.03447789e+02]|TURN:-152
[ 7.68347754e-01  6.55970790e-01  1.06652262e-01  1.69113308e+02 -9.50609732e+01 -9.91296314e+01]|MOVE:900.186645080008
[ 8.36352290e-01  7.28774716e-01  1.10058388e-01  1.68547836e+02 -9.46661050e+01 -9.99753456e+01]|MOVE:900.186645080008
[ 0.84275554  0.73794388  0.10911636 -0.28531605 33.86537882 89.87768701]|TURN:1504
[ 0.85901936  0.63808906  0.10716435 -0.31024948 34.86218632 89.69369746]|MOVE:900.186645080008
[ 0.85821053  0.63815528  0.10702114 -0.35726437 27.89644579 89.81286547]|TURN:-85
[ 0.88842722  0.53885547  0.10567015 -0.53832072 27.25006359 90.22873009]|MOVE:900.186645080008
[ 8.89836833e-01  5.26231031e-01  1.05818716e-01  1.77584022e+02 -1.63514423e+02 -9.00348931e+01]|TURN:-2223
[ 8.41494411e-01  6.17738576e-01  1.06832279e-01  1.77983378e+02 -1.64405801e+02 -8.99057600e+01]|MOVE:900.186645080008
[ 8.38250044e-01  6.19198504e-01  1.07394530e-01  1.77433977e+02 -1.30960467e+02 -9.08393959e+01]|TURN:386
[ 8.47506058e-01  7.19215192e-01  1.09467157e-01  1.77456311e+02 -1.30076852e+02 -9.07331639e+01]|MOVE:900.186645080008
[ 8.54016291e-01  7.20730312e-01  1.09787582e-01  1.78126987e+02  1.60289471e+02 -8.94760803e+01]|TURN:-814
[ 7.61915959e-01  7.70765485e-01  1.08105058e-01  1.78133419e+02  1.59826932e+02 -8.96723126e+01]|MOVE:900.186645080008
[ 7.61505666e-01  7.71569775e-01  1.08040938e-01  1.78210319e+02  1.54239985e+02 -8.96733263e+01]|TURN:-72
[ 6.68375233e-01  8.06107002e-01  1.10108794e-01  1.78115673e+02  1.53589762e+02 -8.97027702e+01]|MOVE:900.186645080008
[ 6.68337941e-01  8.10948779e-01  1.10439647e-01  1.75805748e+02  9.78139977e+01 -8.66846207e+01]|TURN:-644
[ 5.85502511e-01  7.55773505e-01  1.07416913e-01  1.74820602e+02  9.75033634e+01 -8.57636868e+01]|MOVE:900.186645080008
[ 0.58312853  0.75806002  0.10711168  0.37311807 65.16807349 89.03981012]|TURN:-377
[ 0.54857774  0.66404614  0.10595151  0.17207896 64.47284505 89.01567558]|MOVE:900.186645080008
[ 0.54926622  0.6620622   0.1058463   1.73148367 80.92660232 87.21947197]|TURN:192
[ 0.48900326  0.58384653  0.10467051  1.78330776 81.5425737  87.1553526 ]|MOVE:900.186645080008
[ 0.48203533  0.58723001  0.10391776 -0.63450315 10.47260279 90.42558886]|TURN:-826
[ 0.53825666  0.50069683  0.10230896 -0.55552113  9.97604474 90.56574329]|MOVE:900.186645080008
[  0.53487967   0.50008855   0.10098781  -0.22473657 -19.14705955  91.10478608]|TURN:-345
[  0.6231947    0.45271324   0.0988817   -0.18928315 -19.39153072  91.01728139]|MOVE:900.186645080008
[  0.71716221   0.4015872    0.10063163  -0.38035705 -19.25735439  90.87839622]|MOVE:900.186645080008
[  0.7168563    0.39505086   0.10162056   3.12301245 -76.85048656  94.5827735 ]|TURN:-669
[  0.80339027   0.44452356   0.10219381   3.69874077 -77.4166765  95.53579814]|MOVE:900.186645080008
[ 8.06703840e-01  4.41741345e-01  1.03131529e-01  1.75918237e+02 -1.11225816e+02 -9.18986676e+01]|TURN:-398
[ 8.48074675e-01  5.32141730e-01  1.05246083e-01  1.76276666e+02 -1.11931641e+02 -9.17542248e+01]|MOVE:900.186645080008
[ 8.47710067e-01  5.33348674e-01  1.05490254e-01  1.74068906e+02 -1.01136100e+02 -9.41585941e+01]|TURN:131
[ 9.06196033e-01  6.13384779e-01  1.07327810e-01  1.71103673e+02 -1.00254440e+02 -9.73144865e+01]|MOVE:900.186645080008
[ 9.13252195e-01  6.10733301e-01  1.07828927e-01  1.77797034e+02 -1.68017739e+02 -9.00410909e+01]|TURN:-786
[ 8.58370393e-01  6.98589046e-01  1.09029499e-01  1.78055168e+02 -1.68369824e+02 -8.99288785e+01]|MOVE:900.186645080008
[ 8.59263554e-01  7.11965797e-01  1.07798279e-01 -6.19780723e-02  6.00055285e+01  8.92454234e+01]|TURN:-1545
[ 0.83122682  0.61641248  0.10470819 -0.48809247 59.54300057 89.53145824]|MOVE:900.186645080008
[ 0.83215712  0.61447489  0.10487104 -0.28900427 73.11729878 89.24326435]|TURN:163
[ 0.78489084  0.52531705  0.10602255 -0.21859501 74.10105848 88.87167511]|MOVE:900.186645080008
[ 0.78535983  0.52359659  0.10646054  0.86023435 81.77783099 87.71071746]|TURN:90
[ 0.7224832   0.44687408  0.10405754 -0.14452699 82.51281997 88.90972882]|MOVE:900.186645080008
[ 7.12837859e-01  4.40538369e-01  1.04154647e-01  1.73577341e+02 -1.00992156e+02 -9.45509528e+01]|TURN:2058
[ 7.71618706e-01  5.20060499e-01  1.05917227e-01  1.73093014e+02 -9.98775974e+01 -9.49123183e+01]|MOVE:900.186645080008
[ 7.72746410e-01  5.19324975e-01  1.05750437e-01  1.76532174e+02 -1.17345229e+02 -9.17047348e+01]|TURN:-206
[ 8.02651126e-01  6.16495695e-01  1.05996035e-01  1.76841122e+02 -1.18011619e+02 -9.13519803e+01]|MOVE:900.186645080008
[ 8.33551807e-01  7.12161436e-01  1.08222429e-01  1.76711473e+02 -1.17911418e+02 -9.16475652e+01]|MOVE:900.186645080008
[ 0.83662209  0.72474688  0.10720495 -0.47916129 23.68566414 90.10158262]|TURN:1655
[ 0.87217421  0.62614215  0.10690885 -0.36651452 24.49774178 90.11748356]|MOVE:900.186645080008
[ 8.74359896e-01  6.12719645e-01  1.07485453e-01  1.78037708e+02 -1.60002035e+02 -8.96300080e+01]|TURN:-2150
[ 8.31681840e-01  7.06475516e-01  1.09038389e-01  1.77955606e+02 -1.61004233e+02 -8.97907770e+01]|MOVE:900.186645080008
[ 0.83064924  0.72202688  0.1074585  -0.10537647 33.15294904 89.4990657 ]|TURN:-1958
[ 0.85130564  0.62085973  0.1065572  -0.37349051 32.67747035 89.58380225]|MOVE:900.186645080008
[ 0.85253707  0.61991139  0.10540082 -0.3758217  49.90176293 89.2364649 ]|TURN:206
[ 0.84124054  0.51922861  0.10394242 -0.43290869 50.54304891 89.58547807]|MOVE:900.186645080008
[ 0.84071767  0.51877523  0.10388729 -0.54360518 44.57942349 89.67426151]|TURN:-73
[ 0.84098687  0.41694246  0.10235424 -0.62695072 44.33425826 89.86512559]|MOVE:900.186645080008
[ 8.44545727e-01  4.06632534e-01  1.03298933e-01  1.78076595e+02  1.50254891e+02 -8.99297039e+01]|TURN:1237
[ 7.48096596e-01  4.39440694e-01  1.04358182e-01  1.77972325e+02  1.51172603e+02 -8.94547507e+01]|MOVE:900.186645080008
[ 7.47692429e-01  4.40380126e-01  1.04353812e-01  1.77898537e+02  1.42784721e+02 -8.93239152e+01]|TURN:-98
[ 6.49217107e-01  4.57912661e-01  1.05298918e-01  1.77878976e+02  1.41946774e+02 -8.95692552e+01]|MOVE:900.186645080008
[ 6.49131976e-01  4.58670100e-01  1.05569560e-01  1.77700456e+02  1.31474839e+02 -8.91476050e+01]|TURN:-127
[ 5.49101956e-01  4.56787846e-01  1.05247150e-01  1.77733251e+02  1.31016833e+02 -8.89081301e+01]|MOVE:900.186645080008
[ 5.38624233e-01  4.54663178e-01  1.04048048e-01  1.77227705e+02 -1.29372963e+02 -9.10180150e+01]|TURN:1165
[ 5.49004333e-01  5.56386212e-01  1.04402633e-01  1.77217763e+02 -1.28523298e+02 -9.11280813e+01]|MOVE:900.186645080008
[ 5.58102170e-01  6.61357664e-01  1.02684459e-01  1.77172241e+02 -1.28302256e+02 -9.11490779e+01]|MOVE:900.186645080008
[ 5.67810540e-01  7.65516101e-01  1.01919231e-01  1.76796737e+02 -1.28268409e+02 -9.15079248e+01]|MOVE:900.186645080008
[ 0.57721258  0.77094865  0.10508316 -0.21632182 55.47582174 89.49702146]|TURN:-2053
[ 0.5589529   0.67214545  0.1034599  -0.46884722 54.74910223 89.52626884]|MOVE:900.186645080008
[ 5.60774972e-01  6.68156424e-01  1.03601541e-01  1.66861636e+02  9.16617950e+01 -7.79730804e+01]|TURN:426
[ 4.85167363e-01  6.04252146e-01  1.01677175e-01  1.70922116e+02  9.25627930e+01 -8.19952160e+01]|MOVE:900.186645080008
[ 4.76089448e-01  5.98122217e-01  1.02127658e-01  1.72631182e+02 -1.01156306e+02 -9.55886920e+01]|TURN:-2263
[ 5.33171717e-01  6.80100887e-01  1.03467029e-01  1.73943829e+02 -1.01478101e+02 -9.41858338e+01]|MOVE:900.186645080008
[  0.53267074   0.68301577   0.1033747    2.86135963 -78.12453755  94.46318545]|TURN:276
[  0.61890332   0.73189068   0.10482627   4.62952494 -77.13120138  96.3236808 ]|MOVE:900.186645080008
[ 6.18954233e-01  7.31532366e-01  1.04463703e-01  2.13733714e+01 -8.66221894e+01  1.13141005e+02]|TURN:-111
[ 6.96013637e-01  7.95362723e-01  1.06268064e-01  2.73560093e+01 -8.73537259e+01  1.19068121e+02]|MOVE:900.186645080008
