vive_data|last_cmd
[-1.58853711e-01 -9.26686674e-01 -1.98263496e+00 -1.79511074e+02  1.22550525e+02 -9.07416200e+01]|CAL:1
[  -0.86348052   -0.91195585   -1.25451654  178.82461048 -170.24517194  -90.55379855]|CAL:2
[ -0.20843291  -0.93322334  -0.53276771 178.42969018 168.79811143 -92.4542058 ]|CAL:3

[-3.88309313e-02  1.00020178e-01  4.98039100e-02  1.78898884e+02 -1.38348586e+02 -8.96228112e+01]|MOVE:938.0108722915079
[-3.99389796e-02  1.02925663e-01  5.02188948e-02  1.78771730e+02 -1.14426258e+02 -9.08809967e+01]|TURN:312
[ 2.03657078e-03  2.01821312e-01  5.30848507e-02  1.78301643e+02 -1.13587477e+02 -9.13128506e+01]|MOVE:938.0108722915079
[ 4.94028644e-03  2.01378469e-01  5.33709104e-02  1.78955547e+02 -1.36038485e+02 -9.00475953e+01]|TURN:-290
[ 7.32366222e-03  3.04366815e-01  5.32804722e-02  1.79149274e+02 -1.36937567e+02 -8.96309040e+01]|MOVE:938.0108722915079
[ 7.98131253e-03  4.10499360e-01  5.32881976e-02  1.79181315e+02 -1.37567959e+02 -8.92252240e+01]|MOVE:938.0108722915079
[ 9.13999368e-03  5.13592839e-01  5.44845769e-02  1.79050978e+02 -1.37062781e+02 -9.00125792e+01]|MOVE:938.0108722915079
[ 1.02044177e-02  6.15951292e-01  5.46465960e-02  1.78863373e+02 -1.37385556e+02 -8.99154829e+01]|MOVE:938.0108722915079
[ 1.18462117e-02  7.20842808e-01  5.52757302e-02  1.78755101e+02 -1.36828292e+02 -9.01238202e+01]|MOVE:938.0108722915079
[ 1.32859710e-02  8.24938767e-01  5.50100202e-02  1.78038992e+02 -1.37735257e+02 -9.04332316e+01]|MOVE:938.0108722915079
[ 1.38688696e-02  8.25230997e-01  5.46067490e-02  1.78253654e+02 -1.42485719e+02 -9.01863512e+01]|TURN:-67
[ 4.15378802e-03  9.28691251e-01  5.43750087e-02  1.78460102e+02 -1.44445606e+02 -9.00430688e+01]|MOVE:938.0108722915079
[-8.07041820e-03  1.03084793e+00  5.37100384e-02  1.78710072e+02 -1.44681816e+02 -9.04131898e+01]|MOVE:938.0108722915079
[-4.67576251e-03  1.03731545e+00  5.27408926e-02  8.00412475e-02 -4.38250955e+01  8.97354689e+01]|TURN:1299
[ 1.03147277e-01  1.02641250e+00  5.51516815e-02  1.39032803e-01 -4.22239442e+01  9.01953028e+01]|MOVE:938.0108722915079
[ 2.13611965e-01  1.01108023e+00  5.60650715e-02 -9.71622979e-02 -4.19313373e+01  9.04780575e+01]|MOVE:938.0108722915079
[ 2.13524284e-01  1.01185567e+00  5.67188134e-02  2.15888598e-03 -4.90474635e+01  9.06794442e+01]|TURN:-93
[ 3.20830881e-01  1.01342067e+00  5.93713203e-02 -6.64367779e-01 -5.03687787e+01  9.02017499e+01]|MOVE:938.0108722915079
[ 4.31774211e-01  1.01072372e+00  5.92552496e-02 -8.50537030e-02 -5.07380281e+01  9.08774550e+01]|MOVE:938.0108722915079
[ 5.40252760e-01  1.01103887e+00  6.09542472e-02  3.18173810e-02 -5.08897641e+01  9.05775787e+01]|MOVE:938.0108722915079
[ 6.56254218e-01  1.00513970e+00  5.75325514e-02 -3.42767777e-01 -5.12539237e+01  9.10447538e+01]|MOVE:938.0108722915079
[ 7.69879922e-01  1.00171542e+00  5.62086570e-02 -2.20792830e-01 -5.15361618e+01  9.08803401e+01]|MOVE:938.0108722915079
[ 8.80699531e-01  1.00396809e+00  5.75131767e-02 -1.19513359e-01 -5.16587228e+01  9.13729736e+01]|MOVE:938.0108722915079
[ 9.87935947e-01  1.01063246e+00  6.05259514e-02 -8.11951991e-01 -5.18888501e+01  9.08368008e+01]|MOVE:938.0108722915079
[ 9.98221140e-01  1.01598765e+00  6.43439943e-02 -3.15126752e-01  4.33534215e+01  8.88179807e+01]|TURN:1224
[1.00886291e+00 9.07496007e-01 6.31968594e-02 4.70885421e-01 4.43564492e+01 8.83210985e+01]|MOVE:938.0108722915079
[1.03993338e+00 8.99018551e-01 6.42441610e-02 4.10346356e-01 4.54325372e+01 8.86833152e+01]|TURN:-4587
[1.04687283e+00 7.90782580e-01 6.33206490e-02 6.39812088e-01 4.45336563e+01 8.84899750e+01]|MOVE:938.0108722915079
[1.07352449e+00 7.81519830e-01 6.58346416e-02 3.76756178e-02 5.67696145e+01 8.87770033e+01]|TURN:-4464
[1.05921911e+00 6.75376291e-01 6.35164806e-02 2.43252440e-01 5.59632107e+01 8.93460938e+01]|MOVE:938.0108722915079
[1.08576857e+00 6.59848931e-01 6.41194807e-02 6.42353251e-01 5.65724908e+01 8.84833374e+01]|TURN:-4600
[1.07086342e+00 5.56543921e-01 6.33330026e-02 9.99356900e-01 5.53328532e+01 8.83294985e+01]|MOVE:938.0108722915079
[1.09765135e+00 5.39213099e-01 6.39463202e-02 5.37603278e-01 5.76613909e+01 8.83466507e+01]|TURN:-4577
[ 1.08020616e+00  4.34567215e-01  6.30161599e-02 -7.23117857e-02  5.60704174e+01  9.00376594e+01]|MOVE:938.0108722915079
[1.10855215e+00 4.15383394e-01 6.33899411e-02 5.07705919e-01 6.13561503e+01 8.91147140e+01]|TURN:-4550
[1.08384132e+00 3.16995719e-01 6.38725138e-02 1.00091009e-01 6.05643918e+01 8.90487425e+01]|MOVE:938.0108722915079
[1.11328297e+00 2.98653392e-01 6.37116822e-02 5.43785972e-01 6.75150767e+01 8.83841588e+01]|TURN:-4527
[1.07889306e+00 2.02418445e-01 6.32722373e-02 1.26788698e+00 6.69357761e+01 8.83155883e+01]|MOVE:938.0108722915079
[1.08072645e+00 2.00951679e-01 6.35645847e-02 9.39294994e+00 8.54965869e+01 7.95174536e+01]|TURN:248
[1.01969320e+00 1.22506427e-01 6.15603194e-02 1.86310671e+01 8.66459433e+01 7.01835480e+01]|MOVE:938.0108722915079
[1.02005296e+00 1.21809315e-01 6.13187166e-02 7.25816028e-01 5.86411441e+01 8.80752253e+01]|TURN:-361
[ 1.00132384e+00  2.14184071e-02  6.25643895e-02 -1.79934528e-01  5.71420718e+01  8.87549174e+01]|MOVE:938.0108722915079
[ 1.01649329e+00 -2.29932324e-03  5.76537136e-02  1.76307433e+02  1.37065770e+02 -8.81231268e+01]|TURN:1034
[ 9.16581524e-01  1.00718020e-02  5.86361490e-02  1.75728514e+02  1.37975706e+02 -8.71540059e+01]|MOVE:938.0108722915079
[ 9.15338550e-01  1.03848094e-02  5.83599859e-02  1.76632340e+02  1.44416298e+02 -8.79156380e+01]|TURN:92
[ 8.19760610e-01  3.56176171e-02  5.79774399e-02  1.76594626e+02  1.46025315e+02 -8.78725193e+01]|MOVE:938.0108722915079
[ 8.21158002e-01  3.72472135e-02  5.79988447e-02  1.75910002e+02  1.28984587e+02 -8.76945059e+01]|TURN:-227
[ 7.20501638e-01  3.43024564e-02  5.78419374e-02  1.76005352e+02  1.27016471e+02 -8.69699094e+01]|MOVE:938.0108722915079
[ 6.19908577e-01  2.91667651e-02  5.82012654e-02  1.77103528e+02  1.26165127e+02 -8.81091031e+01]|MOVE:938.0108722915079
[ 5.18811270e-01  2.32911274e-02  5.74827855e-02  1.77604947e+02  1.25862991e+02 -8.80030983e+01]|MOVE:938.0108722915079
[ 4.18592978e-01  1.40811739e-02  5.70327196e-02  1.77766789e+02  1.25323602e+02 -8.79784132e+01]|MOVE:938.0108722915079
[ 3.19229393e-01  5.03859137e-03  5.56570577e-02  1.78210282e+02  1.25010113e+02 -8.81338680e+01]|MOVE:938.0108722915079
[ 2.18654915e-01 -2.49968447e-03  5.48804687e-02  1.78169949e+02  1.24926779e+02 -8.79426815e+01]|MOVE:938.0108722915079
[ 1.17128010e-01 -1.29565053e-02  5.26254112e-02  1.79824869e+02  1.25917082e+02 -8.85015995e+01]|MOVE:938.0108722915079
[ 1.16233747e-01 -1.45961688e-02  5.23805468e-02  1.79216680e+02  1.38199197e+02 -8.80071171e+01]|TURN:160
[ 1.76206642e-02 -2.85944018e-03  5.05508135e-02  1.78782450e+02  1.39566143e+02 -8.80102271e+01]|MOVE:938.0108722915079
[ 1.70625664e-02 -8.67704556e-03  5.14733184e-02  1.79779092e+02 -1.34247156e+02 -9.20422197e+01]|TURN:1096
[ 2.58453870e-02  9.79673106e-02  5.27846130e-02  1.43971472e+02 -1.33139195e+02 -8.98927290e+01]|MOVE:938.0108722915079
[ 2.63621873e-02  9.88963511e-02  5.28227444e-02  1.43882527e+02 -1.39348415e+02 -8.96012864e+01]|TURN:-83
[ 2.36813521e-02  2.02143627e-01  5.31703743e-02  1.79374774e+02 -1.40483973e+02 -8.97100306e+01]|MOVE:938.0108722915079
[ 1.96061113e-02  3.05965229e-01  5.32302820e-02  1.79532948e+02 -1.40269011e+02 -8.95706258e+01]|MOVE:938.0108722915079
[ 1.57860832e-02  4.12122037e-01  5.32319291e-02  1.79444984e+02 -1.39941906e+02 -8.91509587e+01]|MOVE:938.0108722915079
[ 1.29401833e-02  5.14677186e-01  5.39870545e-02  1.79240054e+02 -1.39631747e+02 -8.99087608e+01]|MOVE:938.0108722915079
[ 9.91177917e-03  6.17590289e-01  5.43591090e-02  1.79208732e+02 -1.39583585e+02 -8.97460122e+01]|MOVE:938.0108722915079
[ 7.78055880e-03  7.22243701e-01  5.47416395e-02  1.79022027e+02 -1.38824526e+02 -9.00222397e+01]|MOVE:938.0108722915079
[ 5.69671848e-03  8.26838421e-01  5.47750211e-02  1.78464674e+02 -1.39512966e+02 -9.00190718e+01]|MOVE:938.0108722915079
[ 2.74193990e-03  9.31603825e-01  5.47094240e-02  1.78425339e+02 -1.40128755e+02 -9.01662897e+01]|MOVE:938.0108722915079
[-1.90011104e-03  1.03482651e+00  5.41814918e-02  1.78490509e+02 -1.40285070e+02 -9.05913964e+01]|MOVE:938.0108722915079
[ 1.30743398e-03  1.04098753e+00  5.31774624e-02 -2.89164585e-02 -4.30363661e+01  8.97696577e+01]|TURN:1246
[ 1.09210015e-01  1.02775937e+00  5.50663164e-02  5.75669252e-02 -4.17168015e+01  9.00738182e+01]|MOVE:938.0108722915079
[ 2.19470705e-01  1.01118930e+00  5.58259754e-02 -3.42459093e-01 -4.10572383e+01  9.02456626e+01]|MOVE:938.0108722915079
[ 2.19784311e-01  1.01103805e+00  5.60638420e-02 -2.06421675e-01 -4.87615908e+01  9.05142672e+01]|TURN:-101
[ 3.27164055e-01  1.01247493e+00  5.87968102e-02 -7.37137974e-01 -5.02472042e+01  9.02290322e+01]|MOVE:938.0108722915079
[ 4.37874522e-01  1.00940237e+00  5.86861993e-02 -2.90733976e-01 -5.05396497e+01  9.06457840e+01]|MOVE:938.0108722915079
[ 5.46225454e-01  1.00977104e+00  6.06562145e-02  1.21111508e-01 -5.08380463e+01  9.06792819e+01]|MOVE:938.0108722915079
[ 6.62123205e-01  1.00391107e+00  5.72150853e-02 -5.16478212e-01 -5.14286228e+01  9.08566540e+01]|MOVE:938.0108722915079
[ 7.74939909e-01  1.00150798e+00  5.63771634e-02 -3.76390588e-01 -5.15586000e+01  9.07588258e+01]|MOVE:938.0108722915079
[ 8.85409249e-01  1.00477445e+00  5.77477809e-02 -2.56733798e-01 -5.19882110e+01  9.13303586e+01]|MOVE:938.0108722915079
[ 9.92696453e-01  1.01115553e+00  6.05768871e-02 -1.05393835e+00 -5.20031801e+01  9.05781231e+01]|MOVE:938.0108722915079
[ 1.00579450e+00  1.01335191e+00  6.26914593e-02 -4.79727713e-01  4.38848493e+01  8.88562880e+01]|TURN:1226
[1.01438963e+00 9.04988717e-01 6.17223773e-02 4.19246581e-01 4.56249825e+01 8.84222578e+01]|MOVE:938.0108722915079
[1.01707635e+00 9.01914651e-01 6.06029903e-02 9.09833559e-01 5.75851780e+01 8.77728029e+01]|TURN:164
[9.96212239e-01 8.02529723e-01 6.21465724e-02 5.73997590e-01 5.87851742e+01 8.85156504e+01]|MOVE:938.0108722915079
[9.95326790e-01 8.02988523e-01 6.24382255e-02 4.20596201e-01 4.84375486e+01 8.88197664e+01]|TURN:-136
[9.93161439e-01 6.97414225e-01 6.23516648e-02 3.94362139e-01 4.65096562e+01 8.93195194e+01]|MOVE:938.0108722915079
[9.92519264e-01 5.92217196e-01 6.26387857e-02 4.88205494e-01 4.55995761e+01 8.91212926e+01]|MOVE:938.0108722915079
[9.94405830e-01 4.86547371e-01 6.37045244e-02 8.32005305e-01 4.48699418e+01 8.85197377e+01]|MOVE:938.0108722915079
[9.98736203e-01 3.78400952e-01 6.30956502e-02 4.49681548e-01 4.40786471e+01 8.94349701e+01]|MOVE:938.0108722915079
[1.00516580e+00 2.71820729e-01 6.36937560e-02 4.12076882e-01 4.33598645e+01 8.87222680e+01]|MOVE:938.0108722915079
[1.01319162e+00 1.63270432e-01 6.33322100e-02 3.73331737e-01 4.28376144e+01 8.93494208e+01]|MOVE:938.0108722915079
[1.01442171e+00 1.61020115e-01 6.30209240e-02 5.81139335e-01 5.13652119e+01 8.89569612e+01]|TURN:116
[ 1.00643225e+00  5.73235200e-02  6.37969122e-02 -2.55457291e-01  5.31147915e+01  8.91772335e+01]|MOVE:938.0108722915079
[ 9.96618414e-01 -4.64347159e-02  6.48349573e-02 -1.61720745e+00  5.34548640e+01  9.05660949e+01]|MOVE:938.0108722915079
[ 1.00329560e+00 -5.95904960e-02  6.34593843e-02  1.79135984e+02  1.42870709e+02 -9.08747123e+01]|TURN:1150
[ 9.08051332e-01 -4.04831030e-02  6.21238431e-02  1.78837677e+02  1.45673503e+02 -8.98689529e+01]|MOVE:938.0108722915079
[ 8.11134243e-01 -1.62634210e-02  6.16675102e-02  1.78488208e+02  1.45997957e+02 -8.83148046e+01]|MOVE:938.0108722915079
[ 8.11271131e-01 -1.57655074e-02  6.12997520e-02  1.77968964e+02  1.33445264e+02 -8.75980485e+01]|TURN:-169
[ 7.12080392e-01 -1.22278888e-02  6.09274075e-02  1.78234157e+02  1.31962045e+02 -8.74350101e+01]|MOVE:938.0108722915079
[ 6.11897147e-01 -8.67804282e-03  6.06774919e-02  1.79105906e+02  1.31153231e+02 -8.84798985e+01]|MOVE:938.0108722915079
[ 5.17805679e-01 -4.03267554e-03  5.37567759e-02  1.79507657e+02  1.29980260e+02 -8.79102422e+01]|MOVE:938.0108722915079
[ 4.18424854e-01 -4.64916071e-03  5.20243129e-02  1.79299056e+02  1.30118672e+02 -8.79577300e+01]|MOVE:938.0108722915079
[ 3.19507917e-01 -9.98128217e-03  4.73567254e-02  1.79275103e+02  1.30361783e+02 -8.76353408e+01]|MOVE:938.0108722915079
[ 2.22633780e-01 -2.25206399e-02  4.08351120e-02  1.79206689e+02  1.30287610e+02 -8.77463823e+01]|MOVE:938.0108722915079
[ 2.29023269e-01 -2.02239595e-02  6.34954492e-02  1.79666713e+02  1.45330104e+02 -8.80716615e+01]|TURN:173
[ 1.28782183e-01  1.07450459e-02  6.20194481e-02 -1.79234728e+02  1.47191111e+02 -8.82841360e+01]|MOVE:938.0108722915079
[ 1.30384893e-01  1.32626427e-02  6.30687350e-02 -1.79052994e+02  1.22514681e+02 -8.86345644e+01]|TURN:-320
[ 3.24377047e-02 -6.10137443e-03  5.83402233e-02 -1.78127840e+02  1.22113676e+02 -8.92434274e+01]|MOVE:938.0108722915079
[ 3.33108245e-02 -1.81551181e-02  5.86094358e-02 -1.79429693e+02 -1.35453385e+02 -9.15901918e+01]|TURN:1293
[ 3.96098109e-02  8.74210590e-02  6.04920579e-02 -1.79297469e+02 -1.34077509e+02 -8.94935411e+01]|MOVE:938.0108722915079
[ 4.03579226e-02  8.78171661e-02  6.06332193e-02 -1.79399530e+02 -1.40804033e+02 -8.94585771e+01]|TURN:-90
[ 3.43315085e-02  1.90733097e-01  6.16422303e-02 -1.79556475e+02 -1.42558248e+02 -8.91902988e+01]|MOVE:938.0108722915079
[ 2.58442556e-02  2.93740947e-01  6.26851371e-02 -1.79528789e+02 -1.42784278e+02 -8.93679816e+01]|MOVE:938.0108722915079
[ 1.68209100e-02  3.98814401e-01  6.29048052e-02 -1.79886563e+02 -1.43205659e+02 -8.89220655e+01]|MOVE:938.0108722915079
[ 6.23049821e-03  5.00779356e-01  6.42892032e-02 -1.79655548e+02 -1.43201187e+02 -8.94545831e+01]|MOVE:938.0108722915079
[ 5.86747866e-03  5.01548691e-01  6.42888803e-02 -1.79676862e+02 -1.38584190e+02 -8.95269311e+01]|TURN:68
[ 4.12031949e-03  6.04234365e-01  6.60856138e-02 -1.79617548e+02 -1.38516953e+02 -8.95432323e+01]|MOVE:938.0108722915079
[ 2.91810055e-03  7.10144913e-01  6.82812483e-02  1.79975004e+02 -1.38651947e+02 -8.98237403e+01]|MOVE:938.0108722915079
[ 1.07897253e-03  8.15761457e-01  7.03611607e-02  1.79926738e+02 -1.39259395e+02 -8.97493011e+01]|MOVE:938.0108722915079
[-1.61792556e-03  9.21829450e-01  7.10796746e-02  1.79499539e+02 -1.40229260e+02 -8.97948873e+01]|MOVE:938.0108722915079
[-6.49616637e-03  1.02644392e+00  7.23841034e-02  1.79713135e+02 -1.40943869e+02 -9.00280528e+01]|MOVE:938.0108722915079
[-3.44980140e-03  1.03407957e+00  7.25225508e-02  7.00411679e-01 -4.47603083e+01  8.97559869e+01]|TURN:1241
[ 1.05633012e-01  1.02056357e+00  7.37976319e-02  4.86075678e-01 -4.31909723e+01  9.03112442e+01]|MOVE:938.0108722915079
[ 2.15042051e-01  1.01157723e+00  7.76786694e-02  6.21873271e-01 -4.25707734e+01  9.06391337e+01]|MOVE:938.0108722915079
[ 3.24587252e-01  9.96750830e-01  7.97026398e-02  2.63950171e-01 -4.23900203e+01  9.02796835e+01]|MOVE:938.0108722915079
[ 3.24733154e-01  9.96357022e-01  7.98718510e-02  2.09153775e-01 -5.02739438e+01  9.02873581e+01]|TURN:-105
[ 4.32169389e-01  9.98736811e-01  8.31902674e-02  7.41266516e-01 -5.19679761e+01  9.10856862e+01]|MOVE:938.0108722915079
[ 5.41370784e-01  9.99690299e-01  8.53452405e-02  3.97702800e-01 -5.22666601e+01  9.04496826e+01]|MOVE:938.0108722915079
[ 6.54355080e-01  9.98856274e-01  8.48696478e-02  4.95177227e-01 -5.27024295e+01  9.11340352e+01]|MOVE:938.0108722915079
[ 7.67424107e-01  9.97663716e-01  8.44759450e-02  3.45944798e-01 -5.27766261e+01  9.07278779e+01]|MOVE:938.0108722915079
[ 8.79746016e-01  1.00011772e+00  8.56782587e-02  4.06927813e-01 -5.23885273e+01  9.11862178e+01]|MOVE:938.0108722915079
[ 9.88463358e-01  1.00507588e+00  8.91392499e-02  4.89904686e-01 -5.21758547e+01  9.10656540e+01]|MOVE:938.0108722915079
[ 0.99991067  1.00815094  0.09171174  0.5151818  42.60856103 89.67572601]|TURN:1212
[ 1.00958663  0.90127891  0.09046345  1.42411521 43.44386467 88.87826859]|MOVE:938.0108722915079
[ 1.01117495  0.8993544   0.0904672   2.05834347 55.28549564 87.88587514]|TURN:159
[ 0.99809375  0.7973196   0.08896222  1.94636596 55.99437187 87.90550635]|MOVE:938.0108722915079
[ 0.99692623  0.79824926  0.08959449  1.66379269 49.94136755 88.1263013 ]|TURN:-84
[9.92520557e-01 6.93662537e-01 8.86844758e-02 1.30980770e+00 4.81870556e+01 8.92331605e+01]|MOVE:938.0108722915079
[9.90057722e-01 5.86877676e-01 8.70894403e-02 9.46761051e-01 4.75304249e+01 9.00142848e+01]|MOVE:938.0108722915079
[9.88626110e-01 4.81987703e-01 8.64085130e-02 1.39958548e+00 4.71574965e+01 8.87990473e+01]|MOVE:938.0108722915079
[9.88248950e-01 3.72931816e-01 8.41696832e-02 9.93711113e-01 4.69816929e+01 9.03897396e+01]|MOVE:938.0108722915079
[9.89605551e-01 2.66971185e-01 8.32896002e-02 1.42442635e+00 4.61822304e+01 8.87334174e+01]|MOVE:938.0108722915079
[9.91793112e-01 1.57709997e-01 8.13907422e-02 1.02769440e+00 4.58061380e+01 8.96409483e+01]|MOVE:938.0108722915079
[9.94391147e-01 5.28778858e-02 8.15476899e-02 7.78107930e-01 4.55674214e+01 8.94309445e+01]|MOVE:938.0108722915079
[ 9.97604667e-01 -5.28909350e-02  8.15512742e-02  1.98093978e-01  4.55115242e+01  8.99336747e+01]|MOVE:938.0108722915079
[ 1.00854335e+00 -7.76324467e-02  8.13499198e-02  1.78623537e+02 -1.36913020e+02 -9.27446527e+01]|TURN:-2316
[ 1.01138576e+00  2.63061826e-02  8.19287153e-02  1.78681494e+02 -1.38689395e+02 -9.04638213e+01]|MOVE:938.0108722915079
[-1.23870766e-02 -8.22616949e-03  5.69898857e-02 -1.79585325e+02 -1.37591119e+02 -9.15680215e+01]|r
[-7.86499804e-03 -3.12847035e-03  5.64241025e-02  2.39895727e+00 -4.37890700e+01  9.16618036e+01]|TURN:1186
[ 1.02710164e-01 -1.83964416e-02  5.81213546e-02  2.18249491e+00 -4.28173422e+01  9.22938663e+01]|MOVE:938.0108722915079
[ 1.03426473e-01 -1.83111750e-02  5.85249216e-02  2.99861757e+00 -5.41094204e+01  9.31778914e+01]|TURN:-149
[ 2.07801287e-01 -7.43501103e-03  6.38507830e-02  1.41319540e+00 -5.52245161e+01  9.06297866e+01]|MOVE:938.0108722915079
[ 2.08674787e-01 -6.65412246e-03  6.40776577e-02  1.61931883e+00 -5.01357217e+01  9.07641042e+01]|TURN:71
[ 3.18766629e-01 -8.06236901e-03  6.67052532e-02  1.60047427e+00 -4.91766951e+01  9.16476077e+01]|MOVE:938.0108722915079
[ 4.29835965e-01 -1.19094282e-02  6.90541281e-02  9.55398357e-01 -4.88541199e+01  9.11469188e+01]|MOVE:938.0108722915079
[ 5.40716764e-01 -1.58835726e-02  7.14193528e-02  1.13385669e+00 -4.90268801e+01  9.16483448e+01]|MOVE:938.0108722915079
[ 6.50332047e-01 -1.97383845e-02  7.40317820e-02  7.88836833e-01 -4.91000338e+01  9.13222726e+01]|MOVE:938.0108722915079
[ 6.51082404e-01 -1.90116913e-02  7.41963379e-02  1.03918315e+00 -5.41858315e+01  9.16774720e+01]|TURN:-69
[ 7.60500189e-01 -1.27674655e-02  7.63143257e-02 -3.54497355e-01 -5.49562518e+01  9.05257270e+01]|MOVE:938.0108722915079
[ 8.70634939e-01 -5.55191167e-03  7.81114329e-02 -6.98277018e-02 -5.55186057e+01  9.11989673e+01]|MOVE:938.0108722915079
[ 9.79179559e-01  3.33063129e-03  8.05462827e-02  2.49366261e-01 -5.60123035e+01  9.17095408e+01]|MOVE:938.0108722915079
[ 9.90903722e-01 -6.06230445e-03  7.99877338e-02  1.77878172e+02 -1.44443382e+02 -9.06297947e+01]|TURN:-1109
[ 9.80615498e-01  9.59780081e-02  7.94059001e-02  1.78914902e+02 -1.45762331e+02 -8.87546749e+01]|MOVE:938.0108722915079
[ 9.67848148e-01  1.94137037e-01  7.99153761e-02  1.79175105e+02 -1.46748398e+02 -8.94019495e+01]|MOVE:938.0108722915079
[ 9.67637062e-01  1.95387771e-01  7.96502598e-02  1.79267734e+02 -1.37545040e+02 -8.95128672e+01]|TURN:127
[ 9.70844015e-01  2.95075380e-01  8.09733478e-02  1.79044688e+02 -1.36776798e+02 -8.99185887e+01]|MOVE:938.0108722915079
[ 9.74192539e-01  3.95789132e-01  8.14203124e-02  1.79193299e+02 -1.37545146e+02 -8.95487428e+01]|MOVE:938.0108722915079
[ 9.77771441e-01  4.94117536e-01  8.29073739e-02  1.79125446e+02 -1.37614573e+02 -9.03390004e+01]|MOVE:938.0108722915079
[ 9.79974464e-01  5.96398503e-01  8.38453241e-02  1.79197144e+02 -1.37752847e+02 -8.97111891e+01]|MOVE:938.0108722915079
[ 9.82341397e-01  6.96452068e-01  8.57390203e-02  1.79431548e+02 -1.38117563e+02 -9.04680114e+01]|MOVE:938.0108722915079
[ 9.83733265e-01  7.99565004e-01  8.78118251e-02  1.79454571e+02 -1.38746226e+02 -9.01600062e+01]|MOVE:938.0108722915079
[ 9.83088583e-01  9.03940959e-01  8.96235572e-02  1.79318069e+02 -1.39390214e+02 -9.00116829e+01]|MOVE:938.0108722915079
[ 9.83215222e-01  9.04432234e-01  8.94375218e-02  1.79420809e+02 -1.29527869e+02 -9.01907785e+01]|TURN:136
[ 1.00331521e+00  1.00374566e+00  8.99350551e-02  1.79124292e+02 -1.28768983e+02 -9.03015087e+01]|MOVE:938.0108722915079
[ 1.01502792e+00  1.00677714e+00  9.31940263e-02  1.78886859e+02  1.26565844e+02 -8.96805017e+01]|TURN:-1340
[ 9.17078950e-01  9.97911822e-01  9.17587390e-02  1.79028525e+02  1.25781015e+02 -8.88321273e+01]|MOVE:938.0108722915079
[ 8.17384333e-01  9.89911063e-01  9.16036680e-02  1.79190298e+02  1.25370046e+02 -8.91531602e+01]|MOVE:938.0108722915079
[ 8.14237610e-01  9.92867085e-01  9.34419997e-02  1.79423749e+02  1.30239332e+02 -8.94781414e+01]|TURN:69
[ 7.14243228e-01  9.94601472e-01  9.26566742e-02  1.79037840e+02  1.31493870e+02 -8.88722398e+01]|MOVE:938.0108722915079
[ 6.16783258e-01  9.91111700e-01  8.85864040e-02  1.79360090e+02  1.31733312e+02 -8.88464213e+01]|MOVE:938.0108722915079
[ 5.19410190e-01  9.88660481e-01  8.46449712e-02  1.79421004e+02  1.32051030e+02 -8.89158000e+01]|MOVE:938.0108722915079
[ 4.17991653e-01  9.87989307e-01  8.03353205e-02  1.79147895e+02  1.32149977e+02 -8.81379238e+01]|MOVE:938.0108722915079
[ 3.17177732e-01  9.91341874e-01  7.89727565e-02  1.79280530e+02  1.32506505e+02 -8.85727538e+01]|MOVE:938.0108722915079
[ 2.15984362e-01  9.95167315e-01  7.70459275e-02  1.79138794e+02  1.33084272e+02 -8.81217459e+01]|MOVE:938.0108722915079
[ 1.16798443e-01  9.97983679e-01  7.37195658e-02  1.79212439e+02  1.33442752e+02 -8.84085052e+01]|MOVE:938.0108722915079
[ 1.53860828e-02  1.00309362e+00  7.05627296e-02  1.79311978e+02  1.33826535e+02 -8.78540482e+01]|MOVE:938.0108722915079
[1.58711880e-02 1.01191062e+00 7.31551857e-02 1.76640059e+00 3.80749381e+01 8.90202251e+01]|TURN:-1213
[3.00615342e-02 9.08982922e-01 7.33837277e-02 1.75713753e+00 3.74902760e+01 8.91124315e+01]|MOVE:938.0108722915079
[3.12092355e-02 9.08809090e-01 7.39163300e-02 1.87080896e+00 4.83576998e+01 8.85949770e+01]|TURN:141
[2.71086947e-02 8.05675540e-01 7.27846781e-02 2.33101935e+00 5.02588011e+01 8.85755152e+01]|MOVE:938.0108722915079
[2.07861544e-02 7.02832140e-01 7.19150996e-02 2.64334875e+00 5.12162092e+01 8.85723599e+01]|MOVE:938.0108722915079
[1.33420893e-02 5.99598532e-01 7.01971995e-02 2.83562846e+00 5.18461672e+01 8.85369753e+01]|MOVE:938.0108722915079
[4.10376933e-03 4.94195658e-01 6.76167766e-02 2.56264332e+00 5.28083190e+01 8.89937896e+01]|MOVE:938.0108722915079
[-5.76675447e-03  3.91784528e-01  6.62582903e-02  2.69689040e+00  5.26147397e+01  8.86929874e+01]|MOVE:938.0108722915079
[-6.19161707e-03  3.92359496e-01  6.64673810e-02  2.21360314e+00  4.61523705e+01  8.91262147e+01]|TURN:-83
[-2.93890773e-03  2.88238909e-01  6.57663477e-02  1.89569094e+00  4.36822003e+01  8.87579114e+01]|MOVE:938.0108722915079
[2.17921795e-03 1.79464438e-01 6.35144166e-02 2.23310016e+00 4.37107207e+01 8.92455190e+01]|MOVE:938.0108722915079
[8.17248131e-03 7.34848472e-02 6.19160973e-02 1.91805799e+00 4.34472342e+01 8.93427869e+01]|MOVE:938.0108722915079
[9.34600010e-03 7.30216955e-02 6.21946307e-02 2.64660147e+00 5.27662960e+01 8.86286940e+01]|TURN:126
[-1.54655822e-03 -3.11411220e-02  5.96651823e-02  1.23979812e+00  5.43099942e+01  9.08692201e+01]|MOVE:938.0108722915079
[-2.95531483e-03 -4.55981539e-02  5.77288488e-02  2.62480605e+00 -4.57696549e+01  9.17699428e+01]|TURN:-1280
[ 1.06235627e-01 -5.54725550e-02  5.97407159e-02  2.94875090e+00 -4.72058486e+01  9.19649818e+01]|MOVE:938.0108722915079
[ 1.05975439e-01 -5.59355481e-02  6.03688282e-02  4.18123289e+00 -6.38177348e+01  9.27596515e+01]|TURN:-214
[ 2.06656233e-01 -2.73795961e-02  6.58970868e-02  2.10189876e+00 -6.48127280e+01  9.03623807e+01]|MOVE:938.0108722915079
[ 2.08776875e-01 -2.55101956e-02  6.62371128e-02  2.18097974e+00 -5.12184876e+01  9.05094822e+01]|TURN:180
[ 3.19747154e-01 -2.63256646e-02  6.91410653e-02  1.69739707e+00 -4.97048245e+01  9.17784667e+01]|MOVE:938.0108722915079
[ 4.30461537e-01 -3.02526143e-02  7.10899834e-02  1.25529589e+00 -4.92227570e+01  9.15627106e+01]|MOVE:938.0108722915079
[ 4.31692157e-01 -3.10977142e-02  7.09102461e-02  1.63659310e+00 -5.41862691e+01  9.19371590e+01]|TURN:-66
[ 5.39658892e-01 -2.49911604e-02  7.35876999e-02  1.58699478e+00 -5.51825734e+01  9.21401003e+01]|MOVE:938.0108722915079
[ 6.47801531e-01 -1.77470031e-02  7.63278305e-02  1.31236023e+00 -5.58767962e+01  9.21118421e+01]|MOVE:938.0108722915079
[ 7.57687494e-01 -1.02049930e-02  7.81605121e-02 -6.05805562e-01 -5.57602918e+01  9.02623908e+01]|MOVE:938.0108722915079
[ 8.67696964e-01 -2.07304578e-03  7.98367925e-02 -1.02745141e-01 -5.58829174e+01  9.11171346e+01]|MOVE:938.0108722915079
[ 9.76212373e-01  6.77812050e-03  8.18943724e-02  4.58979412e-02 -5.60302638e+01  9.15188463e+01]|MOVE:938.0108722915079
[ 9.87802294e-01 -3.61051489e-03  8.14683209e-02  1.78121295e+02 -1.44467634e+02 -9.05400137e+01]|TURN:-1107
[ 9.77569542e-01  9.85675627e-02  8.06164070e-02  1.79074070e+02 -1.45854078e+02 -8.86141956e+01]|MOVE:938.0108722915079
[ 9.65290525e-01  1.96145907e-01  8.10959215e-02  1.79205675e+02 -1.46987735e+02 -8.93976286e+01]|MOVE:938.0108722915079
[ 9.65050298e-01  1.96892228e-01  8.05797633e-02  1.79347443e+02 -1.37601316e+02 -8.94179539e+01]|TURN:127
[ 9.68139152e-01  2.96731468e-01  8.16577961e-02  1.79219437e+02 -1.36869895e+02 -8.97118094e+01]|MOVE:938.0108722915079
[ 9.71481604e-01  3.97519157e-01  8.20653614e-02  1.79326427e+02 -1.37290928e+02 -8.93612566e+01]|MOVE:938.0108722915079
[ 9.75616119e-01  4.95222206e-01  8.33736512e-02  1.79179216e+02 -1.37215511e+02 -9.03309642e+01]|MOVE:938.0108722915079
[ 9.78491808e-01  5.98034318e-01  8.42170148e-02  1.79247812e+02 -1.37311183e+02 -8.95803068e+01]|MOVE:938.0108722915079
[ 9.81820053e-01  6.98119859e-01  8.61625115e-02  1.79371955e+02 -1.37386551e+02 -9.04720567e+01]|MOVE:938.0108722915079
[ 9.84436714e-01  8.00840417e-01  8.79557320e-02  1.79523232e+02 -1.37747541e+02 -9.01334043e+01]|MOVE:938.0108722915079
[ 9.85321157e-01  9.05485355e-01  8.99431202e-02  1.79279756e+02 -1.38146005e+02 -9.00801335e+01]|MOVE:938.0108722915079
[ 9.85896265e-01  9.05526887e-01  8.94228966e-02  1.79498294e+02 -1.30139843e+02 -9.01351814e+01]|TURN:110
[ 1.00540164e+00  1.00440273e+00  8.94056193e-02  1.78957183e+02 -1.29791188e+02 -9.03508247e+01]|MOVE:938.0108722915079
[ 1.01536070e+00  1.00931425e+00  9.33907138e-02  1.78686257e+02  1.25458301e+02 -8.94065754e+01]|TURN:-1341
[ 9.15904491e-01  1.00031209e+00  9.28484778e-02  1.79121872e+02  1.24638841e+02 -8.90103472e+01]|MOVE:938.0108722915079
[ 8.18172836e-01  9.87612160e-01  9.12532547e-02  1.79070926e+02  1.24718458e+02 -8.90173760e+01]|MOVE:938.0108722915079
[ 8.16065883e-01  9.89260338e-01  9.23658835e-02  1.79428388e+02  1.32400684e+02 -8.94989283e+01]|TURN:109
[ 7.15244517e-01  9.95451616e-01  9.20855849e-02  1.79233033e+02  1.33796401e+02 -8.90271514e+01]|MOVE:938.0108722915079
[ 6.18286462e-01  9.95500256e-01  8.76475043e-02  1.79228170e+02  1.34297206e+02 -8.88778430e+01]|MOVE:938.0108722915079
[ 5.20468155e-01  9.97889082e-01  8.38627146e-02  1.79410980e+02  1.34844099e+02 -8.89985396e+01]|MOVE:938.0108722915079
[ 4.19449771e-01  1.00229809e+00  8.00673063e-02  1.79206300e+02  1.35174718e+02 -8.83961719e+01]|MOVE:938.0108722915079
[ 3.18645364e-01  1.01062182e+00  7.86786851e-02  1.79184331e+02  1.35746929e+02 -8.86832505e+01]|MOVE:938.0108722915079
[ 3.18121880e-01  1.01208035e+00  7.93470787e-02  1.79019027e+02  1.29559124e+02 -8.84109648e+01]|TURN:-87
[ 2.18498590e-01  1.00783037e+00  7.64803112e-02  1.78990457e+02  1.28374312e+02 -8.78050490e+01]|MOVE:938.0108722915079
[ 1.18967078e-01  1.00391102e+00  7.36792925e-02  1.78938428e+02  1.28632143e+02 -8.81149066e+01]|MOVE:938.0108722915079
[ 1.79090516e-02  1.00043890e+00  7.06112020e-02  1.79337972e+02  1.28893582e+02 -8.78260343e+01]|MOVE:938.0108722915079
[1.78249589e-02 1.00935176e+00 7.32959524e-02 1.86657599e+00 3.85162364e+01 8.88435260e+01]|TURN:-1147
[3.11967707e-02 9.05804248e-01 7.32705748e-02 1.75827207e+00 3.77636844e+01 8.91764801e+01]|MOVE:938.0108722915079
[3.21725345e-02 9.05301387e-01 7.37083489e-02 1.86731997e+00 4.78539438e+01 8.88292580e+01]|TURN:131
[2.82936568e-02 8.01657380e-01 7.25743396e-02 2.31379391e+00 5.00679557e+01 8.86405176e+01]|MOVE:938.0108722915079
[2.19218421e-02 6.98830703e-01 7.17722824e-02 2.63509114e+00 5.11963669e+01 8.84878241e+01]|MOVE:938.0108722915079
[1.41873678e-02 5.94876298e-01 6.99351590e-02 2.80835292e+00 5.20478600e+01 8.86271699e+01]|MOVE:938.0108722915079
[4.49848076e-03 4.89205517e-01 6.72868602e-02 2.74751687e+00 5.27945224e+01 8.89071510e+01]|MOVE:938.0108722915079
[-5.57754873e-03  3.87173385e-01  6.60558685e-02  2.56726441e+00  5.23162296e+01  8.86661716e+01]|MOVE:938.0108722915079
[-6.11539953e-03  3.87172754e-01  6.61512635e-02  2.16097672e+00  4.57568515e+01  8.90381522e+01]|TURN:-85
[-2.77069289e-03  2.82681943e-01  6.55577622e-02  1.95550246e+00  4.34525756e+01  8.87165670e+01]|MOVE:938.0108722915079
[2.78272814e-03 1.73670919e-01 6.31041156e-02 2.09314032e+00 4.30330716e+01 8.95615571e+01]|MOVE:938.0108722915079
[8.83117540e-03 6.76735257e-02 6.16244153e-02 1.85442855e+00 4.29300491e+01 8.93251241e+01]|MOVE:938.0108722915079
[1.01114494e-02 6.70487230e-02 6.18241108e-02 2.69179501e+00 5.34606116e+01 8.85222046e+01]|TURN:141
[-1.97000381e-03 -3.67078731e-02  5.91414110e-02  1.26136228e+00  5.47621129e+01  9.07966692e+01]|MOVE:938.0108722915079
[-4.21003697e-03 -4.83363808e-02  5.85040133e-02  3.15067919e+00 -4.69919604e+01  9.20593436e+01]|TURN:-1292
[ 1.04626080e-01 -5.48985694e-02  6.06828397e-02  3.35714039e+00 -4.84670103e+01  9.22310690e+01]|MOVE:938.0108722915079
[ 1.04488426e-01 -5.49019186e-02  6.12870785e-02  4.43404835e+00 -6.16040422e+01  9.28713031e+01]|TURN:-173
[ 2.06435349e-01 -3.09703704e-02  6.68493112e-02  3.01032660e+00 -6.25879835e+01  9.09166095e+01]|MOVE:938.0108722915079
[ 2.07746424e-01 -2.92723649e-02  6.70633565e-02  2.83285902e+00 -5.18380893e+01  9.07498167e+01]|TURN:144
[ 3.18470656e-01 -2.90282669e-02  6.99826549e-02  2.22770470e+00 -5.02014404e+01  9.21449471e+01]|MOVE:938.0108722915079
[ 4.28640901e-01 -3.17852354e-02  7.20610977e-02  1.65386207e+00 -4.98732344e+01  9.19104139e+01]|MOVE:938.0108722915079
[ 5.38804566e-01 -3.56459657e-02  7.42878572e-02  1.77907280e+00 -4.94716101e+01  9.20022363e+01]|MOVE:938.0108722915079
[ 5.39497177e-01 -3.56053493e-02  7.42815058e-02  2.44749912e+00 -5.56785270e+01  9.24572614e+01]|TURN:-84
[ 6.46144284e-01 -2.57635244e-02  7.68339295e-02  2.09804596e+00 -5.73584934e+01  9.27386340e+01]|MOVE:938.0108722915079
[ 7.54849580e-01 -1.50488883e-02  7.91601845e-02  1.44370839e-01 -5.78197363e+01  9.13229077e+01]|MOVE:938.0108722915079
[ 8.64542519e-01 -4.67447827e-03  8.04415800e-02  6.67010327e-01 -5.78708230e+01  9.19218789e+01]|MOVE:938.0108722915079
[ 9.71751847e-01  7.00380664e-03  8.27942746e-02  9.01951730e-01 -5.79657305e+01  9.22145524e+01]|MOVE:938.0108722915079
[ 9.83295160e-01 -3.50052229e-03  8.23233818e-02  1.78173748e+02 -1.44229835e+02 -9.05803363e+01]|TURN:-1083
[ 9.74333938e-01  9.80657000e-02  8.13579770e-02  1.79101662e+02 -1.45414763e+02 -8.86940510e+01]|MOVE:938.0108722915079
[ 9.62533154e-01  1.96151098e-01  8.17620514e-02  1.79380408e+02 -1.46628602e+02 -8.91217030e+01]|MOVE:938.0108722915079
[ 9.62269901e-01  1.96670804e-01  8.12579562e-02  1.79429446e+02 -1.37476175e+02 -8.93683631e+01]|TURN:125
[ 9.65935977e-01  2.96208326e-01  8.24433589e-02  1.79255674e+02 -1.36797820e+02 -8.99184802e+01]|MOVE:938.0108722915079
[ 9.70218600e-01  3.96694736e-01  8.25109486e-02  1.79379202e+02 -1.37580334e+02 -8.95085358e+01]|MOVE:938.0108722915079
[ 9.73725082e-01  4.94715274e-01  8.39360139e-02  1.79382915e+02 -1.38103266e+02 -9.03078752e+01]|MOVE:938.0108722915079
[ 9.75836816e-01  5.96727350e-01  8.47381464e-02  1.79096734e+02 -1.38615282e+02 -8.99449076e+01]|MOVE:938.0108722915079
[ 9.76505173e-01  6.96970045e-01  8.65493701e-02  1.79542258e+02 -1.39201879e+02 -9.04941089e+01]|MOVE:938.0108722915079
[ 9.75938655e-01  8.00284208e-01  8.85773127e-02  1.79538767e+02 -1.39738662e+02 -9.02376335e+01]|MOVE:938.0108722915079
[ 9.75738236e-01  8.01264144e-01  8.84353523e-02  1.79629111e+02 -1.33006100e+02 -9.03547536e+01]|TURN:94
[ 9.88622848e-01  9.02224915e-01  8.97411610e-02  1.79471302e+02 -1.31961547e+02 -9.02217981e+01]|MOVE:938.0108722915079
[ 1.00108416e+00  1.00598419e+00  9.11509147e-02  1.78694768e+02 -1.32378905e+02 -9.05672986e+01]|MOVE:938.0108722915079
[ 1.01331443e+00  1.00835989e+00  9.37584932e-02  1.78981461e+02  1.27605007e+02 -8.97110718e+01]|TURN:-1281
[ 9.16036208e-01  9.99688795e-01  9.14900254e-02  1.79016771e+02  1.26742431e+02 -8.87933151e+01]|MOVE:938.0108722915079
[ 8.14837082e-01  9.94361967e-01  9.19089540e-02  1.79281008e+02  1.26476180e+02 -8.92556420e+01]|MOVE:938.0108722915079
[ 7.13885557e-01  9.89654196e-01  9.19153313e-02  1.79141933e+02  1.26638026e+02 -8.88024955e+01]|MOVE:938.0108722915079
[ 6.16643465e-01  9.78896821e-01  8.83614077e-02  1.79292226e+02  1.26755091e+02 -8.86417451e+01]|MOVE:938.0108722915079
[ 6.17566697e-01  9.76487518e-01  8.72841117e-02  1.79517100e+02  1.34650388e+02 -8.91029453e+01]|TURN:109
[ 5.20582419e-01  9.80866005e-01  8.39605358e-02  1.79541342e+02  1.36418357e+02 -8.89933884e+01]|MOVE:938.0108722915079
[ 4.19067040e-01  9.89712027e-01  8.03083319e-02  1.79321708e+02  1.37086978e+02 -8.84555033e+01]|MOVE:938.0108722915079
[ 3.18302419e-01  1.00091631e+00  7.87712291e-02  1.79370139e+02  1.37559114e+02 -8.87471087e+01]|MOVE:938.0108722915079
[ 3.18153462e-01  1.00168015e+00  7.91151698e-02  1.79113059e+02  1.31319651e+02 -8.83556279e+01]|TURN:-85
[ 2.18227923e-01  1.00129476e+00  7.66132801e-02  1.79234691e+02  1.30558673e+02 -8.80651774e+01]|MOVE:938.0108722915079
[ 1.18507139e-01  1.00063311e+00  7.36910648e-02  1.79071629e+02  1.30863712e+02 -8.81334710e+01]|MOVE:938.0108722915079
[ 1.72602559e-02  1.00112354e+00  7.04999271e-02  1.79484345e+02  1.31291685e+02 -8.79799030e+01]|MOVE:938.0108722915079
[1.69842326e-02 1.01036774e+00 7.30885671e-02 1.83088912e+00 3.84049373e+01 8.90243305e+01]|TURN:-1177
[3.04808555e-02 9.06837479e-01 7.30950047e-02 1.83584583e+00 3.76603008e+01 8.90811999e+01]|MOVE:938.0108722915079
[3.15905039e-02 9.06526944e-01 7.35786477e-02 1.89881946e+00 4.77748999e+01 8.87270243e+01]|TURN:130
[2.78388008e-02 8.03566290e-01 7.28285658e-02 2.38008570e+00 5.00547498e+01 8.86073123e+01]|MOVE:938.0108722915079
[2.16531871e-02 7.00536029e-01 7.19253936e-02 2.59289298e+00 5.06259406e+01 8.86404789e+01]|MOVE:938.0108722915079
[1.47404376e-02 5.96408868e-01 7.01012844e-02 2.82433096e+00 5.11525637e+01 8.85272905e+01]|MOVE:938.0108722915079
[6.84880669e-03 4.90045229e-01 6.73319252e-02 2.61825473e+00 5.15660047e+01 8.90670615e+01]|MOVE:938.0108722915079
[-1.05921260e-03  3.86371937e-01  6.60830873e-02  2.51419782e+00  5.07923675e+01  8.88145237e+01]|MOVE:938.0108722915079
[-7.57890187e-03  2.83574482e-01  6.55505099e-02  2.60548345e+00  5.02887164e+01  8.82715909e+01]|MOVE:938.0108722915079
[-7.90878775e-03  2.82826933e-01  6.52995471e-02  2.27661944e+00  4.56028558e+01  8.86446540e+01]|TURN:-68
[-5.20879396e-03  1.75247423e-01  6.34040207e-02  2.37056520e+00  4.43114537e+01  8.93080329e+01]|MOVE:938.0108722915079
[-6.38460424e-04  6.93959632e-02  6.19426703e-02  1.96097001e+00  4.37395880e+01  8.92557856e+01]|MOVE:938.0108722915079
[ 5.81698604e-03 -3.94181687e-02  5.90190849e-02  1.29450424e+00  4.32347467e+01  9.08345878e+01]|MOVE:938.0108722915079
[ 5.51715297e-03 -5.15664992e-02  5.82322722e-02  3.89266997e+00 -4.87565342e+01  9.26845927e+01]|TURN:-1171
[ 1.12932862e-01 -5.33129213e-02  6.14697828e-02  3.45840796e+00 -4.98407850e+01  9.22573272e+01]|MOVE:938.0108722915079
[ 1.13026016e-01 -5.33082127e-02  6.19347301e-02  4.53357071e+00 -6.08367345e+01  9.30423737e+01]|TURN:-142
[ 2.15298337e-01 -2.93892482e-02  6.77510814e-02  2.72744087e+00 -6.19490400e+01  9.09479657e+01]|MOVE:938.0108722915079
[ 2.17293156e-01 -2.82268861e-02  6.78979641e-02  3.05093935e+00 -5.12628975e+01  9.13257296e+01]|TURN:145
[ 3.27682955e-01 -2.95869306e-02  7.06676763e-02  2.03270129e+00 -4.94347122e+01  9.20856963e+01]|MOVE:938.0108722915079
[ 4.37809487e-01 -3.43329152e-02  7.26324555e-02  1.46632319e+00 -4.89954993e+01  9.16794643e+01]|MOVE:938.0108722915079
[ 4.39116346e-01 -3.62080090e-02  7.19914532e-02  1.90908519e+00 -5.49759930e+01  9.21413696e+01]|TURN:-78
[ 5.45848045e-01 -2.80487454e-02  7.51135315e-02  2.18557325e+00 -5.57717435e+01  9.21159748e+01]|MOVE:938.0108722915079
[ 6.54024019e-01 -2.05670284e-02  7.75932484e-02  1.76142998e+00 -5.66589028e+01  9.22749233e+01]|MOVE:938.0108722915079
[ 7.64005316e-01 -1.16947702e-02  7.93738711e-02 -1.46574490e-01 -5.66340141e+01  9.08868387e+01]|MOVE:938.0108722915079
[ 8.73610486e-01 -2.82082498e-03  8.08495932e-02  3.54436668e-01 -5.67235622e+01  9.17240143e+01]|MOVE:938.0108722915079
[ 9.81382064e-01  7.40274072e-03  8.28931963e-02  5.08249891e-01 -5.68854584e+01  9.20892491e+01]|MOVE:938.0108722915079
[ 9.92821512e-01 -4.15456303e-03  8.29183826e-02  1.78330330e+02 -1.44302019e+02 -9.10012956e+01]|TURN:-1101
[ 9.82486704e-01  9.82924013e-02  8.17687419e-02  1.79066226e+02 -1.46143461e+02 -8.83654461e+01]|MOVE:938.0108722915079
[ 9.69828609e-01  1.95311279e-01  8.18906791e-02  1.79263418e+02 -1.46906461e+02 -8.94787929e+01]|MOVE:938.0108722915079
[ 9.70011296e-01  1.95599993e-01  8.14622729e-02  1.79568032e+02 -1.37760307e+02 -8.93587662e+01]|TURN:126
[ 9.73227359e-01  2.94905563e-01  8.24109894e-02  1.79350157e+02 -1.36616381e+02 -8.97542428e+01]|MOVE:938.0108722915079
[ 9.77673955e-01  3.95892344e-01  8.26293410e-02  1.79302714e+02 -1.36710900e+02 -8.94914797e+01]|MOVE:938.0108722915079
[ 9.82694543e-01  4.93117178e-01  8.41488685e-02  1.79303341e+02 -1.36928082e+02 -9.07114606e+01]|MOVE:938.0108722915079
[ 9.86631259e-01  5.95826920e-01  8.49388658e-02  1.79179458e+02 -1.36787473e+02 -8.98370296e+01]|MOVE:938.0108722915079
[ 9.90099917e-01  6.96826308e-01  8.74154765e-02  1.79240760e+02 -1.37334911e+02 -9.07300249e+01]|MOVE:938.0108722915079
[ 9.93273846e-01  7.98852188e-01  8.90473491e-02  1.79371684e+02 -1.37802307e+02 -9.03109072e+01]|MOVE:938.0108722915079
[ 9.94901105e-01  9.02705809e-01  9.10042851e-02  1.79600710e+02 -1.38189459e+02 -9.00866129e+01]|MOVE:938.0108722915079
[ 9.96505220e-01  1.00703652e+00  9.21966829e-02  1.78817751e+02 -1.38901558e+02 -9.04460438e+01]|MOVE:938.0108722915079
[ 1.00974114e+00  1.00809318e+00  9.33980847e-02  1.78923623e+02  1.27198998e+02 -8.96039086e+01]|TURN:-1203
[ 9.12455550e-01  9.98682623e-01  9.11598576e-02  1.79089275e+02  1.26386348e+02 -8.88469885e+01]|MOVE:938.0108722915079
[ 9.12030332e-01  9.98306295e-01  9.11477918e-02  1.79122210e+02  1.31495546e+02 -8.89825206e+01]|TURN:75
[ 8.10188170e-01  1.00448384e+00  9.23453079e-02  1.79425123e+02  1.33287846e+02 -8.94637777e+01]|MOVE:938.0108722915079
[ 7.09419772e-01  1.01116915e+00  9.18831719e-02  1.79387247e+02  1.33931487e+02 -8.93195410e+01]|MOVE:938.0108722915079
[ 6.12686237e-01  1.01224259e+00  8.81138790e-02  1.79551355e+02  1.34371674e+02 -8.93596518e+01]|MOVE:938.0108722915079
[ 5.15476120e-01  1.01487401e+00  8.40419862e-02  1.79423366e+02  1.35077938e+02 -8.92519373e+01]|MOVE:938.0108722915079
[ 4.14645347e-01  1.01993065e+00  8.01590134e-02  1.79162625e+02  1.35587173e+02 -8.85141883e+01]|MOVE:938.0108722915079
[ 4.13771941e-01  1.02102545e+00  8.05970991e-02  1.79087408e+02  1.30525765e+02 -8.83070430e+01]|TURN:-74
[ 3.13369710e-01  1.02039228e+00  7.94565670e-02  1.79113660e+02  1.29553120e+02 -8.83371669e+01]|MOVE:938.0108722915079
[ 2.13334060e-01  1.01727021e+00  7.65206613e-02  1.79041136e+02  1.29410440e+02 -8.79507661e+01]|MOVE:938.0108722915079
[ 1.13693574e-01  1.01463781e+00  7.36349420e-02  1.79063598e+02  1.29292114e+02 -8.81252565e+01]|MOVE:938.0108722915079
[ 1.13212663e-01  1.01520570e+00  7.37273567e-02  1.78602338e+02  1.23794785e+02 -8.77474467e+01]|TURN:-76
[ 1.50939497e-02  1.00111193e+00  7.03221423e-02  1.79060582e+02  1.22808789e+02 -8.78559020e+01]|MOVE:938.0108722915079
[1.40453704e-02 1.00923534e+00 7.28426093e-02 1.83252684e+00 3.83447223e+01 8.89575603e+01]|TURN:-1072
[2.77125871e-02 9.05975755e-01 7.30168825e-02 1.74629552e+00 3.75901739e+01 8.92041920e+01]|MOVE:938.0108722915079
[2.87075940e-02 9.05523118e-01 7.34195703e-02 1.87725373e+00 4.70352521e+01 8.87530308e+01]|TURN:122
[2.66088766e-02 8.01762108e-01 7.23586270e-02 2.25587124e+00 4.92921494e+01 8.86905857e+01]|MOVE:938.0108722915079
[2.17886135e-02 6.98509912e-01 7.16389384e-02 2.57206862e+00 4.99694231e+01 8.86180226e+01]|MOVE:938.0108722915079
[1.61698692e-02 5.94090577e-01 6.99564426e-02 2.56415521e+00 5.05923538e+01 8.87068573e+01]|MOVE:938.0108722915079
[9.41613698e-03 4.87509350e-01 6.73022702e-02 2.66420413e+00 5.08687407e+01 8.89470863e+01]|MOVE:938.0108722915079
[2.86785267e-03 3.83425879e-01 6.57631892e-02 2.40423239e+00 5.01912701e+01 8.89869376e+01]|MOVE:938.0108722915079
[-2.52590974e-03  2.80263665e-01  6.51951456e-02  2.55849627e+00  4.95319308e+01  8.83934270e+01]|MOVE:938.0108722915079
[-8.08013932e-03  1.74262287e-01  6.32736744e-02  2.83548859e+00  4.95369264e+01  8.89837931e+01]|MOVE:938.0108722915079
[-8.46312620e-03  1.73753372e-01  6.32039187e-02  2.45473578e+00  4.40655493e+01  8.93484798e+01]|TURN:-74
[-2.92655985e-03  6.88784620e-02  6.20467603e-02  1.82176283e+00  4.24682838e+01  8.91923251e+01]|MOVE:938.0108722915079
[ 5.73352802e-03 -3.99955270e-02  5.92184606e-02  1.26134612e+00  4.15468888e+01  9.08108857e+01]|MOVE:938.0108722915079
[ 5.20510398e-03 -5.09853696e-02  5.87009643e-02  4.28802825e+00 -4.94317530e+01  9.29535492e+01]|TURN:-1157
[ 1.12595454e-01 -5.08878370e-02  6.21511640e-02  4.09413806e+00 -5.04764505e+01  9.26564792e+01]|MOVE:938.0108722915079
[ 1.12924931e-01 -5.06639031e-02  6.25303363e-02  4.54764744e+00 -5.96683588e+01  9.30362502e+01]|TURN:-120
[ 2.15807982e-01 -3.03015864e-02  6.77977753e-02  2.83971723e+00 -6.08468881e+01  9.10233139e+01]|MOVE:938.0108722915079
[ 2.17418706e-01 -2.93204949e-02  6.78889606e-02  3.09995429e+00 -5.21421964e+01  9.12618133e+01]|TURN:119
[ 3.27443687e-01 -2.84444892e-02  7.10325917e-02  2.43683312e+00 -5.06201556e+01  9.23142393e+01]|MOVE:938.0108722915079
[ 4.37366980e-01 -3.05739806e-02  7.31179614e-02  1.68012260e+00 -5.02447061e+01  9.18791833e+01]|MOVE:938.0108722915079
[ 5.47406056e-01 -3.50362726e-02  7.50947000e-02  1.66324218e+00 -4.98422504e+01  9.17242433e+01]|MOVE:938.0108722915079
[ 5.48510181e-01 -3.57612006e-02  7.48773796e-02  2.27925588e+00 -5.67643406e+01  9.22834136e+01]|TURN:-88
[ 6.55051149e-01 -2.46034505e-02  7.73549093e-02  1.89493807e+00 -5.85555180e+01  9.24735275e+01]|MOVE:938.0108722915079
[ 7.63331756e-01 -1.10894073e-02  7.97526253e-02  1.06260095e-01 -5.88115062e+01  9.11111317e+01]|MOVE:938.0108722915079
[ 8.72081653e-01  1.54788209e-03  8.11641794e-02  6.89527985e-01 -5.90739498e+01  9.19860228e+01]|MOVE:938.0108722915079
[ 8.73461071e-01  1.23086575e-03  8.09659856e-02  4.83709010e-01 -5.18526597e+01  9.16507403e+01]|TURN:96
[ 9.82902586e-01  2.37383420e-04  8.24454580e-02  3.33873429e-01 -5.03364307e+01  9.19573920e+01]|MOVE:938.0108722915079
[ 9.94856854e-01 -1.34092585e-02  8.26595334e-02  1.78961577e+02 -1.43832106e+02 -9.11402115e+01]|TURN:-1182
[ 9.85217879e-01  8.85569801e-02  8.14128622e-02  1.79470357e+02 -1.45897938e+02 -8.81825339e+01]|MOVE:938.0108722915079
[ 9.72721470e-01  1.86494772e-01  8.13187892e-02  1.78992598e+02 -1.46975520e+02 -8.93889571e+01]|MOVE:938.0108722915079
[ 9.72977591e-01  1.86045242e-01  8.08041077e-02  1.79421519e+02 -1.38433901e+02 -8.93329914e+01]|TURN:121
[ 9.74739518e-01  2.85706596e-01  8.18076327e-02  1.79412615e+02 -1.37536987e+02 -8.97362967e+01]|MOVE:938.0108722915079
[ 9.77649368e-01  3.87687573e-01  8.21725937e-02  1.79206675e+02 -1.37677714e+02 -8.96051775e+01]|MOVE:938.0108722915079
[ 9.80384613e-01  4.85949071e-01  8.39224565e-02  1.79178162e+02 -1.37934518e+02 -9.05225457e+01]|MOVE:938.0108722915079
[ 9.82411940e-01  5.88707084e-01  8.44831134e-02  1.79020009e+02 -1.38041979e+02 -9.00378803e+01]|MOVE:938.0108722915079
[ 9.84089011e-01  6.88757905e-01  8.64162074e-02  1.79397947e+02 -1.38496445e+02 -9.06596571e+01]|MOVE:938.0108722915079
[ 9.85172417e-01  7.91648519e-01  8.84455361e-02  1.79441567e+02 -1.38978858e+02 -9.03374367e+01]|MOVE:938.0108722915079
[ 9.83905391e-01  8.96547402e-01  9.02979875e-02  1.79559866e+02 -1.39692620e+02 -8.99632104e+01]|MOVE:938.0108722915079
[ 9.84052424e-01  8.97000561e-01  9.00522291e-02  1.79746833e+02 -1.30688425e+02 -9.00404896e+01]|TURN:125
[ 1.00304382e+00  9.95509368e-01  8.99545943e-02  1.79183443e+02 -1.30217192e+02 -9.02641554e+01]|MOVE:938.0108722915079
[ 1.01362803e+00  1.00063118e+00  9.35287729e-02  1.78893531e+02  1.26220839e+02 -8.95932545e+01]|TURN:-1327
[ 9.15411596e-01  9.91601564e-01  9.23698456e-02  1.79290202e+02  1.25209583e+02 -8.89722967e+01]|MOVE:938.0108722915079
[ 8.16577529e-01  9.82127423e-01  9.19015762e-02  1.79261824e+02  1.24488103e+02 -8.92270369e+01]|MOVE:938.0108722915079
[ 8.13569701e-01  9.84914961e-01  9.37004522e-02  1.79482089e+02  1.30765064e+02 -8.95510655e+01]|TURN:88
[ 7.14448488e-01  9.87152792e-01  9.28124078e-02  1.79193570e+02  1.32521986e+02 -8.88965785e+01]|MOVE:938.0108722915079
[ 6.17149297e-01  9.86562793e-01  8.88901329e-02  1.79361906e+02  1.33198046e+02 -8.90745277e+01]|MOVE:938.0108722915079
[ 5.19271179e-01  9.86731677e-01  8.49890148e-02  1.79527198e+02  1.33315529e+02 -8.89293362e+01]|MOVE:938.0108722915079
[ 4.18230930e-01  9.88472684e-01  8.06795044e-02  1.79189558e+02  1.33665405e+02 -8.82061301e+01]|MOVE:938.0108722915079
[ 3.17376654e-01  9.94936382e-01  7.96018126e-02  1.79313688e+02  1.33974600e+02 -8.87355309e+01]|MOVE:938.0108722915079
[ 2.16587214e-01  1.00047430e+00  7.74051176e-02  1.79295312e+02  1.34439021e+02 -8.81225080e+01]|MOVE:938.0108722915079
[ 1.16979020e-01  1.00632412e+00  7.41719680e-02  1.79224639e+02  1.35115390e+02 -8.83970292e+01]|MOVE:938.0108722915079
[ 1.16630059e-01  1.00693442e+00  7.41144319e-02  1.78970895e+02  1.28794111e+02 -8.81726514e+01]|TURN:-85
[ 1.65736493e-02  1.00244248e+00  7.08947836e-02  1.79404932e+02  1.27846125e+02 -8.79314771e+01]|MOVE:938.0108722915079
[1.57371014e-02 1.01054233e+00 7.32141092e-02 1.79261279e+00 3.78460256e+01 8.89766542e+01]|TURN:-1144
[3.04095599e-02 9.06949518e-01 7.32233127e-02 1.75095505e+00 3.69421195e+01 8.92059495e+01]|MOVE:938.0108722915079
[3.14817051e-02 9.06742324e-01 7.36765033e-02 1.90776950e+00 4.72574273e+01 8.87877873e+01]|TURN:134
[2.86034991e-02 8.03069527e-01 7.26891760e-02 2.34079875e+00 4.94850046e+01 8.86499730e+01]|MOVE:938.0108722915079
[2.31304122e-02 6.99992585e-01 7.17776005e-02 2.55775816e+00 5.01615316e+01 8.86197871e+01]|MOVE:938.0108722915079
[1.69795534e-02 5.95435069e-01 7.02320865e-02 2.63767272e+00 5.08844608e+01 8.85947002e+01]|MOVE:938.0108722915079
[9.69463433e-03 4.88951650e-01 6.74333241e-02 2.60892469e+00 5.11568993e+01 8.91043896e+01]|MOVE:938.0108722915079
[2.36443359e-03 3.84965762e-01 6.58742090e-02 2.48594122e+00 5.06222471e+01 8.88595686e+01]|MOVE:938.0108722915079
[-4.01023371e-03  2.81906738e-01  6.53347946e-02  2.64683902e+00  5.03935582e+01  8.83035660e+01]|MOVE:938.0108722915079
[-1.10744666e-02  1.75874595e-01  6.33026071e-02  2.83036800e+00  5.05361454e+01  8.91060999e+01]|MOVE:938.0108722915079
[-1.17185558e-02  1.76027007e-01  6.34137842e-02  2.39915058e+00  4.29473754e+01  8.95160311e+01]|TURN:-97
[-4.51764468e-03  7.19009920e-02  6.24098279e-02  1.70203548e+00  4.15753873e+01  8.91400567e+01]|MOVE:938.0108722915079
[ 5.60704920e-03 -3.64584422e-02  5.99196322e-02  1.21187354e+00  4.06673277e+01  9.07366955e+01]|MOVE:938.0108722915079
[ 5.36866946e-03 -4.57928595e-02  5.97013463e-02  4.53712691e+00 -4.94310388e+01  9.30975496e+01]|TURN:-1143
[ 1.12297710e-01 -4.63988843e-02  6.29406785e-02  4.24843572e+00 -5.05334557e+01  9.28184153e+01]|MOVE:938.0108722915079
[ 1.12450400e-01 -4.66567853e-02  6.33124767e-02  4.40896340e+00 -5.89677249e+01  9.29247232e+01]|TURN:-109
[ 2.16176264e-01 -2.86314375e-02  6.83218217e-02  2.92285679e+00 -6.02178862e+01  9.11788580e+01]|MOVE:938.0108722915079
[ 2.17424550e-01 -2.78990907e-02  6.83859648e-02  2.87412290e+00 -5.28637817e+01  9.11468540e+01]|TURN:100
[ 3.27120070e-01 -2.58862971e-02  7.14793508e-02  2.54834753e+00 -5.12976919e+01  9.22751455e+01]|MOVE:938.0108722915079
[ 4.36983512e-01 -2.67773024e-02  7.37958142e-02  1.89801347e+00 -5.09551831e+01  9.20297725e+01]|MOVE:938.0108722915079
[ 5.46573187e-01 -2.88961625e-02  7.58498849e-02  1.73029278e+00 -5.06056566e+01  9.19872463e+01]|MOVE:938.0108722915079
[ 6.56261064e-01 -3.15885907e-02  7.78213845e-02  1.85624749e+00 -5.08397480e+01  9.22310859e+01]|MOVE:938.0108722915079
[ 6.57182679e-01 -3.21096456e-02  7.76899382e-02  2.27046362e+00 -5.74461210e+01  9.25916339e+01]|TURN:-87
[ 7.64701433e-01 -1.95569165e-02  8.02302568e-02  8.41767697e-01 -5.87226179e+01  9.18813426e+01]|MOVE:938.0108722915079
[ 8.73564642e-01 -7.06039960e-03  8.16103355e-02  9.37319897e-01 -5.91526474e+01  9.25789623e+01]|MOVE:938.0108722915079
[ 9.80189044e-01  7.18474929e-03  8.36812300e-02  8.88409120e-01 -5.90514450e+01  9.24500900e+01]|MOVE:938.0108722915079
[ 9.91325684e-01 -3.73093952e-03  8.38132108e-02  1.78312914e+02 -1.43976984e+02 -9.09123438e+01]|TURN:-1071
[ 9.81878241e-01  9.82216251e-02  8.25850382e-02  1.79200318e+02 -1.45766476e+02 -8.85447892e+01]|MOVE:938.0108722915079
[ 9.69839598e-01  1.95854767e-01  8.25673129e-02  1.79276962e+02 -1.46581034e+02 -8.94894752e+01]|MOVE:938.0108722915079
[ 9.70404016e-01  1.95341873e-01  8.19351226e-02  1.79471059e+02 -1.38112188e+02 -8.94584203e+01]|TURN:121
[ 9.73173920e-01  2.94614339e-01  8.30200081e-02  1.79283378e+02 -1.36761568e+02 -8.98953680e+01]|MOVE:938.0108722915079
[ 9.77353124e-01  3.95458663e-01  8.29658638e-02  1.79251032e+02 -1.37148755e+02 -8.96362162e+01]|MOVE:938.0108722915079
[ 9.81313085e-01  4.93374287e-01  8.46422030e-02  1.79334817e+02 -1.37357522e+02 -9.06930776e+01]|MOVE:938.0108722915079
[ 9.84430075e-01  5.96084028e-01  8.52988818e-02  1.79159570e+02 -1.37362961e+02 -8.98451809e+01]|MOVE:938.0108722915079
[ 9.87060082e-01  6.96382254e-01  8.73973855e-02  1.79498582e+02 -1.37926398e+02 -9.06670946e+01]|MOVE:938.0108722915079
[ 9.89025625e-01  7.98957515e-01  8.92134673e-02  1.79430699e+02 -1.38588181e+02 -9.03152494e+01]|MOVE:938.0108722915079
[ 9.89202242e-01  9.03251532e-01  9.09521862e-02  1.79508432e+02 -1.39219305e+02 -9.00572405e+01]|MOVE:938.0108722915079
[ 9.89144923e-01  9.04219818e-01  9.10321984e-02  1.79438946e+02 -1.33587878e+02 -9.02306857e+01]|TURN:82
[ 1.00032175e+00  1.00645701e+00  9.25685551e-02  1.78536373e+02 -1.32994837e+02 -9.08661723e+01]|MOVE:938.0108722915079
[ 1.01403719e+00  1.00748488e+00  9.38362057e-02  1.78987969e+02  1.27563381e+02 -8.97553495e+01]|TURN:-1272
[ 9.17408697e-01  9.98109050e-01  9.14158190e-02  1.79280382e+02  1.26752978e+02 -8.91026452e+01]|MOVE:938.0108722915079
[ 9.17076505e-01  9.97557625e-01  9.13179107e-02  1.79195326e+02  1.32280850e+02 -8.92476084e+01]|TURN:77
[ 8.14776468e-01  1.00539953e+00  9.26383235e-02  1.79389067e+02  1.33785428e+02 -8.92828385e+01]|MOVE:938.0108722915079
[ 7.14089578e-01  1.01261623e+00  9.19942708e-02  1.79408576e+02  1.34440873e+02 -8.93436467e+01]|MOVE:938.0108722915079
[ 7.13800780e-01  1.01259446e+00  9.15488886e-02  1.79059776e+02  1.29527086e+02 -8.89217079e+01]|TURN:-67
[ 6.16806446e-01  1.00629334e+00  8.85935143e-02  1.79417220e+02  1.28095766e+02 -8.90320947e+01]|MOVE:938.0108722915079
[ 5.19629976e-01  9.97853019e-01  8.46796653e-02  1.79122518e+02  1.27717654e+02 -8.87597093e+01]|MOVE:938.0108722915079
[ 5.19159666e-01  9.96433787e-01  8.38643905e-02  1.79340291e+02  1.32484441e+02 -8.88851531e+01]|TURN:68
[ 4.19142079e-01  9.97555314e-01  7.98566733e-02  1.79154382e+02  1.34217884e+02 -8.81685801e+01]|MOVE:938.0108722915079
[ 3.17984316e-01  1.00405296e+00  7.86177452e-02  1.79361494e+02  1.34825549e+02 -8.86817087e+01]|MOVE:938.0108722915079
[ 2.16698242e-01  1.01174418e+00  7.71471500e-02  1.79242350e+02  1.35152251e+02 -8.80952542e+01]|MOVE:938.0108722915079
[ 2.16626687e-01  1.01199996e+00  7.70116648e-02  1.79048700e+02  1.27833761e+02 -8.78220017e+01]|TURN:-98
[ 1.18589722e-01  1.00570592e+00  7.36354035e-02  1.79013499e+02  1.27227313e+02 -8.81966481e+01]|MOVE:938.0108722915079
[ 1.76661181e-02  9.99866091e-01  7.06434922e-02  1.79268260e+02  1.27162503e+02 -8.78072003e+01]|MOVE:938.0108722915079
[1.70886340e-02 1.00839226e+00 7.31222409e-02 1.76694772e+00 3.82848286e+01 8.90010953e+01]|TURN:-1129
[3.08006176e-02 9.04854007e-01 7.31415041e-02 1.78590873e+00 3.74363447e+01 8.91751745e+01]|MOVE:938.0108722915079
[3.17447463e-02 9.04522161e-01 7.36810012e-02 1.97936467e+00 4.74074993e+01 8.87920543e+01]|TURN:129
[2.86528291e-02 8.01115735e-01 7.26127625e-02 2.20075373e+00 4.97500669e+01 8.87111553e+01]|MOVE:938.0108722915079
[2.26970717e-02 6.98250968e-01 7.20331024e-02 2.68603919e+00 5.04141514e+01 8.84764893e+01]|MOVE:938.0108722915079
[1.64808665e-02 5.93646963e-01 7.01181708e-02 2.55309698e+00 5.10992572e+01 8.87341934e+01]|MOVE:938.0108722915079
[8.82925687e-03 4.87070396e-01 6.72509533e-02 2.57945139e+00 5.16176512e+01 8.91007243e+01]|MOVE:938.0108722915079
[6.95636730e-04 3.83691326e-01 6.58307222e-02 2.56408852e+00 5.11754642e+01 8.87670362e+01]|MOVE:938.0108722915079
[-6.58487777e-03  2.81067639e-01  6.53882853e-02  2.64736808e+00  5.10199962e+01  8.82658542e+01]|MOVE:938.0108722915079
[-6.89484711e-03  2.80413022e-01  6.53114671e-02  2.30592883e+00  4.59323003e+01  8.86539888e+01]|TURN:-71
[-5.10522077e-03  1.72929198e-01  6.32820831e-02  2.40343929e+00  4.46539730e+01  8.93909528e+01]|MOVE:938.0108722915079
[-1.49231487e-03  6.72107112e-02  6.19142054e-02  1.91551123e+00  4.41352469e+01  8.91568416e+01]|MOVE:938.0108722915079
[ 4.01551636e-03 -4.18207798e-02  5.87706051e-02  1.38802311e+00  4.37682464e+01  9.07479178e+01]|MOVE:938.0108722915079
[ 3.18522153e-03 -5.39043521e-02  5.78150299e-02  4.08325472e+00 -4.87887250e+01  9.26270271e+01]|TURN:-1180
[ 1.10539135e-01 -5.51846756e-02  6.12226665e-02  3.79390187e+00 -4.99121420e+01  9.23882206e+01]|MOVE:938.0108722915079
[ 1.10642428e-01 -5.47797666e-02  6.18283902e-02  4.52692981e+00 -6.04693258e+01  9.29543111e+01]|TURN:-141
[ 2.13059936e-01 -3.24736635e-02  6.70518083e-02  2.98235567e+00 -6.16312903e+01  9.10743473e+01]|MOVE:938.0108722915079
[ 2.14566594e-01 -3.11587655e-02  6.73650821e-02  3.15435441e+00 -5.17554674e+01  9.11184075e+01]|TURN:133
[ 3.24764181e-01 -3.10110733e-02  7.07316594e-02  2.35898713e+00 -5.01016215e+01  9.20280572e+01]|MOVE:938.0108722915079
[ 4.34996797e-01 -3.37015713e-02  7.27270102e-02  1.71461781e+00 -4.96573582e+01  9.19125543e+01]|MOVE:938.0108722915079
[ 5.45074307e-01 -3.83060394e-02  7.47398375e-02  1.77628484e+00 -4.92664428e+01  9.19590248e+01]|MOVE:938.0108722915079
[ 5.46001348e-01 -3.90991147e-02  7.46476386e-02  2.50439381e+00 -5.67742554e+01  9.24823957e+01]|TURN:-95
[ 6.52354357e-01 -2.84239340e-02  7.71632070e-02  2.23230892e+00 -5.82378302e+01  9.27369405e+01]|MOVE:938.0108722915079
[ 7.60934737e-01 -1.52843850e-02  7.96831763e-02  5.91522256e-01 -5.82616355e+01  9.16520596e+01]|MOVE:938.0108722915079
[ 8.69766507e-01 -3.43776066e-03  8.11802004e-02  6.66121272e-01 -5.83208994e+01  9.21715722e+01]|MOVE:938.0108722915079
[ 9.76681888e-01  9.35964931e-03  8.33870074e-02  7.01429776e-01 -5.82036716e+01  9.21749627e+01]|MOVE:938.0108722915079
[ 9.88750253e-01 -1.23388181e-03  8.31862516e-02  1.78147308e+02 -1.44297449e+02 -9.08193278e+01]|TURN:-1078
[ 9.78861191e-01  1.01096399e-01  8.23934938e-02  1.79215312e+02 -1.45578030e+02 -8.85659240e+01]|MOVE:938.0108722915079
[ 9.67148833e-01  1.98356411e-01  8.24542934e-02  1.79319910e+02 -1.46484820e+02 -8.94381807e+01]|MOVE:938.0108722915079
[ 9.68549556e-01  1.96739042e-01  8.11979818e-02  1.79442256e+02 -1.37840344e+02 -8.94722882e+01]|TURN:121
[ 9.71741532e-01  2.96263951e-01  8.23012010e-02  1.79266111e+02 -1.36465576e+02 -8.97878551e+01]|MOVE:938.0108722915079
[ 9.76497889e-01  3.96966479e-01  8.24545111e-02  1.79245605e+02 -1.36566382e+02 -8.97319506e+01]|MOVE:938.0108722915079
[ 9.81261830e-01  4.94828172e-01  8.41814537e-02  1.79439578e+02 -1.36604129e+02 -9.05039547e+01]|MOVE:938.0108722915079
[ 9.85473697e-01  5.98198914e-01  8.50344400e-02  1.79122921e+02 -1.36583065e+02 -8.98396403e+01]|MOVE:938.0108722915079
[ 9.89836372e-01  6.98067354e-01  8.70410883e-02  1.79380536e+02 -1.36989784e+02 -9.06875492e+01]|MOVE:938.0108722915079
[ 9.93826855e-01  8.00448139e-01  8.85485501e-02  1.79356780e+02 -1.37538911e+02 -9.02552412e+01]|MOVE:938.0108722915079
[ 9.95825801e-01  9.04698255e-01  9.05973022e-02  1.79365206e+02 -1.38154236e+02 -9.01764630e+01]|MOVE:938.0108722915079
[ 9.97333313e-01  1.00854190e+00  9.17809383e-02  1.78824793e+02 -1.38951252e+02 -9.05127952e+01]|MOVE:938.0108722915079
[ 1.00968646e+00  1.01026485e+00  9.31687916e-02  1.78969823e+02  1.27256746e+02 -8.96801184e+01]|TURN:-1204
[ 9.12960547e-01  1.00067721e+00  9.09298881e-02  1.79186289e+02  1.26377912e+02 -8.89989843e+01]|MOVE:938.0108722915079
[ 9.12708698e-01  1.00007861e+00  9.07603760e-02  1.79227813e+02  1.31022380e+02 -8.91898022e+01]|TURN:69
[ 8.11323821e-01  1.00497029e+00  9.17221719e-02  1.79270926e+02  1.32612987e+02 -8.93532095e+01]|MOVE:938.0108722915079
[ 7.09021754e-01  1.01124332e+00  9.15333056e-02  1.79221951e+02  1.33277850e+02 -8.90938955e+01]|MOVE:938.0108722915079
[ 6.11632351e-01  1.01175476e+00  8.82402951e-02  1.79469893e+02  1.33554387e+02 -8.93183457e+01]|MOVE:938.0108722915079
[ 5.13833462e-01  1.01265539e+00  8.40013513e-02  1.79438635e+02  1.34110496e+02 -8.90663964e+01]|MOVE:938.0108722915079
[ 4.13115924e-01  1.01582043e+00  8.01358944e-02  1.79178623e+02  1.34635505e+02 -8.86052716e+01]|MOVE:938.0108722915079
[ 3.11528287e-01  1.02318089e+00  7.86015451e-02  1.79290272e+02  1.34986372e+02 -8.85597972e+01]|MOVE:938.0108722915079
[ 3.11196199e-01  1.02443994e+00  7.89572030e-02  1.78894011e+02  1.26591164e+02 -8.81276160e+01]|TURN:-110
[ 2.12396473e-01  1.01576207e+00  7.65013948e-02  1.79012060e+02  1.25372657e+02 -8.78303518e+01]|MOVE:938.0108722915079
[ 1.13758897e-01  1.00568588e+00  7.32046802e-02  1.78833263e+02  1.25377354e+02 -8.81761462e+01]|MOVE:938.0108722915079
[ 1.28862407e-02  9.96290388e-01  7.00290511e-02  1.79201687e+02  1.25537971e+02 -8.77178340e+01]|MOVE:938.0108722915079
[1.23711989e-02 1.00568087e+00 7.30222193e-02 1.61966405e+00 3.83283880e+01 8.89819554e+01]|TURN:-1106
[2.64387349e-02 9.01925701e-01 7.30125827e-02 1.67199699e+00 3.73161161e+01 8.92729418e+01]|MOVE:938.0108722915079
[2.74627406e-02 9.01218211e-01 7.32727911e-02 1.88156527e+00 4.70947866e+01 8.88448653e+01]|TURN:129
[2.49767661e-02 7.97807078e-01 7.25574926e-02 2.20259150e+00 4.95195672e+01 8.85629418e+01]|MOVE:938.0108722915079
[2.01150487e-02 6.94340335e-01 7.14211158e-02 2.50697711e+00 5.00478091e+01 8.85582039e+01]|MOVE:938.0108722915079
[1.43977013e-02 5.89721715e-01 6.96665485e-02 2.59309021e+00 5.06033323e+01 8.87930547e+01]|MOVE:938.0108722915079
[7.81301197e-03 4.83462311e-01 6.68980500e-02 2.51456324e+00 5.09678445e+01 8.91717448e+01]|MOVE:938.0108722915079
[6.90868668e-04 3.79742746e-01 6.55281818e-02 2.55434894e+00 5.03291740e+01 8.88622934e+01]|MOVE:938.0108722915079
[-5.20350253e-03  2.76813335e-01  6.50922970e-02  2.68506044e+00  4.98806392e+01  8.82296592e+01]|MOVE:938.0108722915079
[-1.12574188e-02  1.70368110e-01  6.29875859e-02  2.80656336e+00  4.97873440e+01  8.91013673e+01]|MOVE:938.0108722915079
[-1.17638380e-02  1.70115382e-01  6.29482632e-02  2.21929833e+00  4.24298235e+01  8.97622403e+01]|TURN:-92
[-3.96144105e-03  6.66718235e-02  6.24273191e-02  1.72460140e+00  4.11147613e+01  8.90555308e+01]|MOVE:938.0108722915079
[ 6.92892408e-03 -4.16380718e-02  5.96519170e-02  1.23863704e+00  4.04220724e+01  9.08777765e+01]|MOVE:938.0108722915079
[ 1.40732004e-02 -6.30580494e-02  5.89010233e-02  1.79920319e+02 -1.41475669e+02 -9.18113740e+01]|TURN:-2302
[ 7.60691067e-03  3.57202938e-02  6.15981742e-02 -1.79770080e+02 -1.43010096e+02 -9.08441488e+01]|MOVE:938.0108722915079
[-1.61864801e-03  1.39160085e-01  6.22057437e-02 -1.79571333e+02 -1.43252598e+02 -8.94203834e+01]|MOVE:938.0108722915079
[-1.68516740e-03  1.39246507e-01  6.20812148e-02 -1.79363438e+02 -1.38706340e+02 -8.94391959e+01]|TURN:68
[-1.98580687e-03  2.40494499e-01  6.37942690e-02 -1.79581292e+02 -1.37033540e+02 -8.97208954e+01]|MOVE:938.0108722915079
[-1.18988502e-03  3.45782989e-01  6.41986774e-02 -1.79632208e+02 -1.37159538e+02 -8.90180946e+01]|MOVE:938.0108722915079
[-5.56859899e-04  4.49223154e-01  6.57622860e-02  1.79725788e+02 -1.37386599e+02 -8.94850675e+01]|MOVE:938.0108722915079
[-1.08562758e-03  5.50708711e-01  6.76478434e-02  1.79692501e+02 -1.37392217e+02 -9.00321354e+01]|MOVE:938.0108722915079
[-1.28544189e-03  6.53413768e-01  6.93565378e-02 -1.79811229e+02 -1.37490874e+02 -8.96096138e+01]|MOVE:938.0108722915079
[-1.50203268e-03  7.58169968e-01  7.09785987e-02  1.79939981e+02 -1.37691102e+02 -8.99017887e+01]|MOVE:938.0108722915079
[-1.81284288e-03  8.63760347e-01  7.20862402e-02  1.79516574e+02 -1.38323906e+02 -8.99241435e+01]|MOVE:938.0108722915079
[-3.23928086e-03  9.68767893e-01  7.33593959e-02  1.79313677e+02 -1.38914270e+02 -9.03205879e+01]|MOVE:938.0108722915079
[ 9.57195641e-05  9.76995682e-01  7.32643383e-02  4.08664507e-01 -4.79018908e+01  9.02078615e+01]|TURN:1173
[ 1.08500945e-01  9.67757204e-01  7.37495918e-02  5.99578230e-01 -4.65662850e+01  9.00590639e+01]|MOVE:938.0108722915079
[ 2.18946181e-01  9.60194817e-01  7.53638051e-02  3.85557567e-01 -4.61191613e+01  9.04637551e+01]|MOVE:938.0108722915079
[ 2.19712393e-01  9.59968259e-01  7.55423586e-02  4.40773518e-01 -5.31546729e+01  9.05288901e+01]|TURN:-90
[ 3.27012480e-01  9.64849997e-01  7.79220570e-02  5.85384226e-01 -5.48649882e+01  9.03510799e+01]|MOVE:938.0108722915079
[ 4.36778302e-01  9.70964859e-01  7.90453777e-02  4.30988540e-01 -5.54786284e+01  9.05637704e+01]|MOVE:938.0108722915079
[ 5.42555630e-01  9.82177725e-01  8.34534093e-02  3.62057131e-01 -5.57117690e+01  9.04967221e+01]|MOVE:938.0108722915079
[ 6.53665596e-01  9.90069198e-01  8.49000996e-02  8.72621145e-01 -5.62087052e+01  9.14865254e+01]|MOVE:938.0108722915079
[ 7.64546093e-01  9.96410519e-01  8.50881954e-02  3.87184501e-01 -5.62641375e+01  9.07358542e+01]|MOVE:938.0108722915079
[ 8.75928563e-01  1.00563989e+00  8.61674721e-02  7.43430547e-01 -5.62745654e+01  9.17422166e+01]|MOVE:938.0108722915079
[ 8.77302593e-01  1.00612666e+00  8.61059789e-02  3.91848312e-01 -4.93817955e+01  9.13073267e+01]|TURN:96
[ 9.83733889e-01  1.00563765e+00  9.05443896e-02  3.18048526e-01 -4.77005828e+01  9.09059368e+01]|MOVE:938.0108722915079
[ 0.99507347  1.0078408   0.09286549  0.67624205 44.49571    89.41950072]|TURN:1174
[ 1.00157333  0.90066967  0.09125271  1.79060298 45.86804096 88.36536283]|MOVE:938.0108722915079
[ 1.00322449  0.89905562  0.09092036  2.04820098 55.64303225 87.81392425]|TURN:128
[ 0.98896665  0.79582641  0.08904529  1.93350984 56.33689107 87.99146789]|MOVE:938.0108722915079
[ 0.98805169  0.79640515  0.08954873  1.66776108 48.88708127 88.49081591]|TURN:-100
[9.85886233e-01 6.92220029e-01 8.86660390e-02 1.16261503e+00 4.70157752e+01 8.95455161e+01]|MOVE:938.0108722915079
[9.85338566e-01 5.85987996e-01 8.71512812e-02 1.07154535e+00 4.66605094e+01 8.99206615e+01]|MOVE:938.0108722915079
[9.84931162e-01 4.80925639e-01 8.66748591e-02 1.32593668e+00 4.69120181e+01 8.88179802e+01]|MOVE:938.0108722915079
[9.84218270e-01 3.71830640e-01 8.43004573e-02 1.46916059e+00 4.68789106e+01 8.98923214e+01]|MOVE:938.0108722915079
[9.85231436e-01 2.66105321e-01 8.35759078e-02 1.49198145e+00 4.66316496e+01 8.86822718e+01]|MOVE:938.0108722915079
[9.86454238e-01 1.57435185e-01 8.18430534e-02 9.67404937e-01 4.65698111e+01 8.95715575e+01]|MOVE:938.0108722915079
[9.88317986e-01 5.10387690e-02 8.11987001e-02 9.21551727e-01 4.61889284e+01 8.94130991e+01]|MOVE:938.0108722915079
[ 9.97599617e-01  4.41748262e-02  8.16782794e-02  1.77098621e+02  1.35637863e+02 -8.80138308e+01]|TURN:1160
[ 8.98727115e-01  5.32856489e-02  8.05255928e-02  1.77379254e+02  1.36612997e+02 -8.79127523e+01]|MOVE:938.0108722915079
[ 7.99722760e-01  6.33969357e-02  7.92927602e-02  1.78106614e+02  1.37541675e+02 -8.86084912e+01]|MOVE:938.0108722915079
[ 7.99210622e-01  6.48921608e-02  7.92279157e-02  1.77471711e+02  1.27342319e+02 -8.77635575e+01]|TURN:-136
[ 7.01598870e-01  5.77019483e-02  7.76925008e-02  1.77807321e+02  1.25493339e+02 -8.79990704e+01]|MOVE:938.0108722915079
[ 6.02838586e-01  4.86127094e-02  7.59373171e-02  1.78766799e+02  1.25594840e+02 -8.85646698e+01]|MOVE:938.0108722915079
[ 5.03327011e-01  3.88252448e-02  7.34477389e-02  1.78307903e+02  1.24832852e+02 -8.79894565e+01]|MOVE:938.0108722915079
[ 4.04627338e-01  2.83120690e-02  7.10892724e-02  1.78792903e+02  1.25122993e+02 -8.84343853e+01]|MOVE:938.0108722915079
[ 3.05083414e-01  1.79255460e-02  6.80156893e-02  1.79443762e+02  1.24977547e+02 -8.84878255e+01]|MOVE:938.0108722915079
[ 2.05639903e-01  7.86152255e-03  6.52968779e-02  1.79371740e+02  1.24421144e+02 -8.81301941e+01]|MOVE:938.0108722915079
[ 1.04019547e-01 -6.28859059e-03  6.05820592e-02 -1.78515607e+02  1.24852867e+02 -8.87898798e+01]|MOVE:938.0108722915079
[ 1.02679677e-01 -7.33591192e-03  6.03999512e-02 -1.79080466e+02  1.36484751e+02 -8.81596673e+01]|TURN:150
[ 4.41605163e-03  5.90959433e-04  5.78607825e-02  1.79890084e+02  1.38035695e+02 -8.80114896e+01]|MOVE:938.0108722915079
[ 3.82517647e-03 -6.68465320e-03  5.85488032e-02 -1.79306615e+02 -1.32713611e+02 -9.17082115e+01]|TURN:1131
[ 1.47242445e-02  9.85511218e-02  6.06742806e-02 -1.79289880e+02 -1.31271126e+02 -8.94161676e+01]|MOVE:938.0108722915079
[ 1.56202967e-02  9.82850168e-02  6.06645840e-02 -1.79512184e+02 -1.38214971e+02 -8.93338474e+01]|TURN:-91
[ 1.43308981e-02  2.00797444e-01  6.22220918e-02 -1.79446288e+02 -1.39704442e+02 -8.93523637e+01]|MOVE:938.0108722915079
[ 1.07922799e-02  3.04783446e-01  6.32704710e-02 -1.79311879e+02 -1.40108072e+02 -8.91621904e+01]|MOVE:938.0108722915079
[ 5.96206905e-03  4.09878986e-01  6.43313743e-02 -1.79675362e+02 -1.41143304e+02 -8.91365298e+01]|MOVE:938.0108722915079
[-1.40673795e-03  5.11209789e-01  6.52791334e-02 -1.79758856e+02 -1.41580315e+02 -8.95804768e+01]|MOVE:938.0108722915079
[-9.80387044e-03  6.12406697e-01  6.67181067e-02 -1.79603592e+02 -1.42829051e+02 -8.95374080e+01]|MOVE:938.0108722915079
[-1.00998462e-02  6.13395843e-01  6.66532282e-02 -1.79534377e+02 -1.37299391e+02 -8.93985629e+01]|TURN:81
[-8.29316371e-03  7.17105250e-01  6.88946980e-02 -1.79847377e+02 -1.36193490e+02 -8.96621032e+01]|MOVE:938.0108722915079
[-6.06852388e-03  8.22652038e-01  7.06203919e-02  1.79635254e+02 -1.37021421e+02 -8.99539554e+01]|MOVE:938.0108722915079
[-5.34051469e-03  9.28972208e-01  7.18439099e-02  1.79323152e+02 -1.37644849e+02 -9.00688272e+01]|MOVE:938.0108722915079
[-5.79436444e-03  1.03448499e+00  7.33476340e-02  1.79443901e+02 -1.37977463e+02 -9.02239395e+01]|MOVE:938.0108722915079
[-2.64853288e-03  1.04179135e+00  7.31607705e-02  6.07539280e-01 -4.36022718e+01  8.97988845e+01]|TURN:1215
[ 1.06075645e-01  1.02714246e+00  7.48318171e-02  6.89202817e-01 -4.19703407e+01  9.03484210e+01]|MOVE:938.0108722915079
[ 2.15512362e-01  1.01381028e+00  7.77439016e-02  5.23970075e-01 -4.17287834e+01  9.04704031e+01]|MOVE:938.0108722915079
[ 2.16537175e-01  1.01344778e+00  7.78515477e-02  5.13273126e-01 -4.78062208e+01  9.08653854e+01]|TURN:-78
[ 3.23482125e-01  1.01171527e+00  8.16060791e-02  3.98825508e-01 -4.93666489e+01  9.04014582e+01]|MOVE:938.0108722915079
[ 4.33520916e-01  1.00847297e+00  8.34582255e-02  7.12553786e-01 -4.97682348e+01  9.09162605e+01]|MOVE:938.0108722915079
[ 5.42564396e-01  1.00556998e+00  8.56581871e-02  5.48267195e-01 -4.97910244e+01  9.03581304e+01]|MOVE:938.0108722915079
[ 6.56025438e-01  1.00094546e+00  8.51415946e-02  3.78708754e-01 -5.07458568e+01  9.10778349e+01]|MOVE:938.0108722915079
[ 7.69286348e-01  9.95671554e-01  8.45402897e-02  3.13805335e-01 -5.08300908e+01  9.07078241e+01]|MOVE:938.0108722915079
[ 8.81622775e-01  9.95515394e-01  8.57163577e-02  3.83129797e-01 -5.10207225e+01  9.12725800e+01]|MOVE:938.0108722915079
[ 9.89338721e-01  9.98494244e-01  8.95402874e-02  3.73997954e-01 -5.12759548e+01  9.10589697e+01]|MOVE:938.0108722915079
[ 1.00062906  1.00135145  0.09212693  0.56468424 42.59074916 89.47652463]|TURN:1199
[ 1.01007551  0.89455959  0.09075305  1.4308033  43.66523565 88.68644827]|MOVE:938.0108722915079
[ 1.01164684  0.89254763  0.09043389  2.00200703 55.4327327  87.88336643]|TURN:157
[ 0.99780643  0.78997638  0.08894146  1.89291687 56.19159872 88.19572431]|MOVE:938.0108722915079
[ 0.99683636  0.79060906  0.08941035  1.62594981 49.29107101 88.55599478]|TURN:-90
[9.92920494e-01 6.86437880e-01 8.84965992e-02 9.98307493e-01 4.79765068e+01 8.95408843e+01]|MOVE:938.0108722915079
[9.89862270e-01 5.80114059e-01 8.69609706e-02 1.07746885e+00 4.75989230e+01 8.99136101e+01]|MOVE:938.0108722915079
[9.87887639e-01 4.74800188e-01 8.64865724e-02 1.44910690e+00 4.73409028e+01 8.86027370e+01]|MOVE:938.0108722915079
[9.86466745e-01 3.65867145e-01 8.39971529e-02 1.47303219e+00 4.70725298e+01 8.98785974e+01]|MOVE:938.0108722915079
[9.86631025e-01 2.60245490e-01 8.34195211e-02 1.41389604e+00 4.66286668e+01 8.86998150e+01]|MOVE:938.0108722915079
[9.87990222e-01 1.51176817e-01 8.13571198e-02 1.12816720e+00 4.60437723e+01 8.96283897e+01]|MOVE:938.0108722915079
[9.90384434e-01 4.51510302e-02 8.11213726e-02 7.79251565e-01 4.56028308e+01 8.95146004e+01]|MOVE:938.0108722915079
[ 9.99695036e-01  3.81630964e-02  8.15894262e-02  1.77245176e+02  1.35717354e+02 -8.81855445e+01]|TURN:1169
[ 9.00106410e-01  4.78680227e-02  8.05228151e-02  1.77340317e+02  1.36608047e+02 -8.80079499e+01]|MOVE:938.0108722915079
[ 8.00941005e-01  5.82408098e-02  7.92345362e-02  1.77991383e+02  1.37239579e+02 -8.84991437e+01]|MOVE:938.0108722915079
[ 8.00684102e-01  5.96809547e-02  7.94447744e-02  1.77296756e+02  1.27108901e+02 -8.79196488e+01]|TURN:-133
[ 7.02392045e-01  5.18036055e-02  7.74779201e-02  1.77944311e+02  1.25486514e+02 -8.78306213e+01]|MOVE:938.0108722915079
[ 6.03176020e-01  4.26220771e-02  7.58174907e-02  1.78683625e+02  1.25271311e+02 -8.85695158e+01]|MOVE:938.0108722915079
[ 5.03714265e-01  3.24592782e-02  7.31534867e-02  1.78664317e+02  1.24984462e+02 -8.82287915e+01]|MOVE:938.0108722915079
[ 4.04604414e-01  2.22975884e-02  7.09170626e-02  1.78900031e+02  1.24924523e+02 -8.83171092e+01]|MOVE:938.0108722915079
[ 3.04645718e-01  1.18313748e-02  6.78936741e-02  1.79394254e+02  1.24823470e+02 -8.83596914e+01]|MOVE:938.0108722915079
[ 2.05008706e-01  1.06702871e-03  6.50127408e-02  1.79545876e+02  1.24684090e+02 -8.81766663e+01]|MOVE:938.0108722915079
[ 2.04492490e-01  7.48558321e-04  6.48736744e-02  1.79634674e+02  1.30105654e+02 -8.82548450e+01]|TURN:77
[ 1.02979333e-01 -2.18357973e-03  6.05335896e-02 -1.79100887e+02  1.32336637e+02 -8.81555870e+01]|MOVE:938.0108722915079
[ 2.94559017e-03 -6.99646361e-04  5.80730381e-02 -1.79191222e+02  1.33067713e+02 -8.85176050e+01]|MOVE:938.0108722915079
[ 2.61585093e-03 -9.27893376e-03  5.87363527e-02 -1.79352501e+02 -1.34528849e+02 -9.17650261e+01]|TURN:1173
[ 1.06917409e-02  9.50447744e-02  6.04409174e-02 -1.79538246e+02 -1.32908573e+02 -8.96797787e+01]|MOVE:938.0108722915079
[ 1.14027518e-02  9.48026821e-02  6.00366384e-02 -1.79767776e+02 -1.37654485e+02 -8.94002626e+01]|TURN:-69
[ 1.02264672e-02  1.98130801e-01  6.17848216e-02 -1.79443295e+02 -1.39055446e+02 -8.92086333e+01]|MOVE:938.0108722915079
[ 7.56808111e-03  3.01973951e-01  6.29681484e-02 -1.79475244e+02 -1.39473229e+02 -8.93028722e+01]|MOVE:938.0108722915079
[ 3.42207245e-03  4.06990904e-01  6.38753372e-02 -1.79572582e+02 -1.40677607e+02 -8.89155451e+01]|MOVE:938.0108722915079
[-2.95788978e-03  5.08515022e-01  6.48382019e-02 -1.79774077e+02 -1.40976346e+02 -8.94884984e+01]|MOVE:938.0108722915079
[-1.02510334e-02  6.10152249e-01  6.62311024e-02 -1.79689179e+02 -1.41959380e+02 -8.95035760e+01]|MOVE:938.0108722915079
[-1.05250988e-02  6.11323837e-01  6.61981657e-02 -1.79631112e+02 -1.36934066e+02 -8.94080309e+01]|TURN:73
[-8.14020938e-03  7.15399542e-01  6.83882256e-02 -1.43948399e+02 -1.35966870e+02 -8.96367772e+01]|MOVE:938.0108722915079
[-5.54118093e-03  8.21525385e-01  7.03471377e-02  1.79484644e+02 -1.36939312e+02 -9.00104392e+01]|MOVE:938.0108722915079
[-5.23917644e-03  9.27915450e-01  7.15021383e-02  1.79360626e+02 -1.38067848e+02 -9.00040549e+01]|MOVE:938.0108722915079
[-6.64250847e-03  1.03338587e+00  7.30314655e-02  1.79464607e+02 -1.38796325e+02 -9.01538825e+01]|MOVE:938.0108722915079
[-4.11441881e-03  1.04074118e+00  7.29685758e-02  6.45882165e-01 -4.40173951e+01  8.98010713e+01]|TURN:1221
[ 1.04851141e-01  1.02705495e+00  7.46670785e-02  6.63965982e-01 -4.24386187e+01  9.04727770e+01]|MOVE:938.0108722915079
[ 2.14112504e-01  1.01485557e+00  7.78906237e-02  6.47230904e-01 -4.16770157e+01  9.05191825e+01]|MOVE:938.0108722915079
[ 2.14424196e-01  1.01469071e+00  7.79767238e-02  6.02788707e-01 -4.67193444e+01  9.07209880e+01]|TURN:-69
[ 3.21979391e-01  1.01145128e+00  8.17589144e-02  3.38882281e-01 -4.80717648e+01  9.03351117e+01]|MOVE:938.0108722915079
[ 4.32522345e-01  1.00505499e+00  8.30555122e-02  6.89383971e-01 -4.86715710e+01  9.09152035e+01]|MOVE:938.0108722915079
[ 5.41062187e-01  1.00101790e+00  8.55561679e-02  4.08070988e-01 -4.86580415e+01  9.02611157e+01]|MOVE:938.0108722915079
[ 6.55037588e-01  9.93424897e-01  8.48109843e-02  2.99550044e-01 -4.93128419e+01  9.09619683e+01]|MOVE:938.0108722915079
[ 7.68956937e-01  9.85285765e-01  8.40038987e-02  4.27860579e-01 -4.94600121e+01  9.08867738e+01]|MOVE:938.0108722915079
[ 7.70405930e-01  9.83960095e-01  8.36318321e-02  5.78398118e-01 -5.70664534e+01  9.11311998e+01]|TURN:-101
[ 8.78254997e-01  9.97709290e-01  8.59135777e-02  7.69762530e-01 -5.83344541e+01  9.18449011e+01]|MOVE:938.0108722915079
[ 8.79613618e-01  9.98240282e-01  8.58486004e-02  5.88345885e-01 -5.34509120e+01  9.16586541e+01]|TURN:71
[ 9.86555040e-01  1.00368659e+00  8.94662606e-02  4.42974170e-01 -5.19953867e+01  9.09682442e+01]|MOVE:938.0108722915079
[ 0.99781824  1.00712537  0.09204919  0.49110513 43.02334728 89.60314734]|TURN:1218
[ 1.0063409   0.89967569  0.0905206   1.60763316 44.12643161 88.66796214]|MOVE:938.0108722915079
[ 1.0079741   0.89790869  0.09041702  1.9758213  55.11191375 87.90177182]|TURN:147
[ 0.99455586  0.79454701  0.08879778  1.90035531 55.7585481  88.03619637]|MOVE:938.0108722915079
[ 0.99366317  0.79530402  0.08919137  1.71371834 49.13145229 88.35170104]|TURN:-89
[9.90301572e-01 6.91458869e-01 8.85039105e-02 1.12059446e+00 4.77790917e+01 8.94420039e+01]|MOVE:938.0108722915079
[9.87752375e-01 5.85061457e-01 8.71458638e-02 1.07940123e+00 4.74999440e+01 8.97866789e+01]|MOVE:938.0108722915079
[9.86490509e-01 4.79898861e-01 8.65954494e-02 1.23185663e+00 4.70392446e+01 8.88546426e+01]|MOVE:938.0108722915079
[9.85190279e-01 3.70664548e-01 8.40926339e-02 1.39944951e+00 4.65206701e+01 8.99456080e+01]|MOVE:938.0108722915079
[9.86703135e-01 2.64772683e-01 8.34984692e-02 1.38441660e+00 4.57459852e+01 8.87089394e+01]|MOVE:938.0108722915079
[9.89085957e-01 1.55778675e-01 8.15810257e-02 1.13071217e+00 4.50847978e+01 8.95926757e+01]|MOVE:938.0108722915079
[9.93258540e-01 4.99207555e-02 8.13779788e-02 9.18922348e-01 4.41302533e+01 8.94321999e+01]|MOVE:938.0108722915079
[ 1.00212907e+00  4.28884922e-02  8.17674815e-02  1.77732540e+02  1.35240028e+02 -8.83404924e+01]|TURN:1178
[ 9.02372085e-01  5.16053690e-02  8.07532882e-02  1.77295474e+02  1.36305192e+02 -8.79750101e+01]|MOVE:938.0108722915079
[ 8.02848539e-01  6.13976672e-02  7.94500025e-02  1.77983014e+02  1.36958787e+02 -8.85166928e+01]|MOVE:938.0108722915079
[ 8.02411960e-01  6.30683738e-02  7.96016552e-02  1.77180456e+02  1.27072761e+02 -8.77944015e+01]|TURN:-131
[ 7.04091631e-01  5.51122314e-02  7.78526700e-02  1.77946007e+02  1.25375391e+02 -8.79259299e+01]|MOVE:938.0108722915079
[ 6.05536265e-01  4.54916897e-02  7.62426736e-02  1.78823486e+02  1.24907447e+02 -8.87091321e+01]|MOVE:938.0108722915079
[ 5.05745938e-01  3.43370567e-02  7.34974151e-02  1.78692919e+02  1.24495485e+02 -8.82230820e+01]|MOVE:938.0108722915079
[ 4.06584381e-01  2.33153018e-02  7.13102954e-02  1.78844697e+02  1.24540162e+02 -8.83314868e+01]|MOVE:938.0108722915079
[ 3.06120631e-01  1.21263668e-02  6.80804510e-02  1.79480486e+02  1.24340300e+02 -8.83730823e+01]|MOVE:938.0108722915079
[ 2.06566461e-01  4.35191394e-04  6.53408041e-02  1.79562451e+02  1.23900775e+02 -8.82753983e+01]|MOVE:938.0108722915079
[ 2.05692957e-01 -6.06593908e-05  6.51123644e-02  1.79780355e+02  1.30024044e+02 -8.84288785e+01]|TURN:86
[ 1.03209463e-01 -2.88380160e-03  6.05503591e-02 -1.79114981e+02  1.32161169e+02 -8.80453355e+01]|MOVE:938.0108722915079
[ 3.69156629e-03 -1.76684988e-03  5.83451493e-02 -1.79089331e+02  1.32857948e+02 -8.86117257e+01]|MOVE:938.0108722915079
[ 3.08508551e-03 -1.02187439e-02  5.91378200e-02 -1.79451025e+02 -1.34441703e+02 -9.19622550e+01]|TURN:1175
[ 1.05321557e-02  9.49463619e-02  6.09068743e-02 -1.79443007e+02 -1.33147736e+02 -8.97283786e+01]|MOVE:938.0108722915079
[ 1.95017680e-02  1.98516583e-01  6.26237987e-02 -1.79698885e+02 -1.32956689e+02 -8.95834818e+01]|MOVE:938.0108722915079
[ 2.00579936e-02  1.98341752e-01  6.27105338e-02 -1.79652534e+02 -1.38920566e+02 -8.94311587e+01]|TURN:-83
[ 1.66765560e-02  3.01733967e-01  6.37432054e-02 -1.79498159e+02 -1.40326583e+02 -8.92502820e+01]|MOVE:938.0108722915079
[ 1.09736753e-02  4.06768434e-01  6.45246879e-02 -1.79582481e+02 -1.41757890e+02 -8.88388526e+01]|MOVE:938.0108722915079
[ 2.41240373e-03  5.08074610e-01  6.54934251e-02 -1.79636383e+02 -1.42467881e+02 -8.94417224e+01]|MOVE:938.0108722915079
[-8.08015299e-03  6.09136837e-01  6.65110045e-02 -1.79576429e+02 -1.44043959e+02 -8.95543927e+01]|MOVE:938.0108722915079
[-8.50181256e-03  6.10224782e-01  6.65379545e-02 -1.79516358e+02 -1.37417524e+02 -8.94251925e+01]|TURN:93
[-7.07575589e-03  7.14698462e-01  6.88765782e-02  7.19884622e+01 -1.36374999e+02 -8.97768045e+01]|MOVE:938.0108722915079
[-5.41049157e-03  8.20832840e-01  7.05982181e-02  1.79672056e+02 -1.37140964e+02 -8.98392613e+01]|MOVE:938.0108722915079
[-5.00441367e-03  9.27189496e-01  7.16689139e-02  1.79228013e+02 -1.37781553e+02 -9.00457588e+01]|MOVE:938.0108722915079
[-5.96748399e-03  1.03270590e+00  7.30968582e-02  1.79414106e+02 -1.38205142e+02 -9.02456048e+01]|MOVE:938.0108722915079
[-2.91981304e-03  1.04001460e+00  7.29915521e-02  5.84877430e-01 -4.35608259e+01  8.97496698e+01]|TURN:1218
[ 1.05526938e-01  1.02605140e+00  7.51110091e-02  7.14434857e-01 -4.18387464e+01  9.03460150e+01]|MOVE:938.0108722915079
[ 2.15094106e-01  1.01266564e+00  7.76993226e-02  5.90083279e-01 -4.15349376e+01  9.05791986e+01]|MOVE:938.0108722915079
[ 2.15876804e-01  1.01213183e+00  7.77364240e-02  6.28851952e-01 -4.72995241e+01  9.09692708e+01]|TURN:-79
[ 3.22824842e-01  1.01030491e+00  8.18093086e-02  3.90141185e-01 -4.85122801e+01  9.03495501e+01]|MOVE:938.0108722915079
[ 4.33287883e-01  1.00477036e+00  8.32782157e-02  6.33092723e-01 -4.86843196e+01  9.08543554e+01]|MOVE:938.0108722915079
[ 5.42449475e-01  1.00059046e+00  8.55718994e-02  3.96633563e-01 -4.87546637e+01  9.02842223e+01]|MOVE:938.0108722915079
[ 6.56301333e-01  9.92946559e-01  8.47481268e-02  2.48924076e-01 -4.93756065e+01  9.09292243e+01]|MOVE:938.0108722915079
[ 6.58720341e-01  9.90178248e-01  8.33879746e-02  5.22809760e-01 -5.42596132e+01  9.12254118e+01]|TURN:-66
[ 7.68937203e-01  9.94759368e-01  8.42464674e-02  5.33673953e-01 -5.53475871e+01  9.10056410e+01]|MOVE:938.0108722915079
[ 8.79885494e-01  1.00293218e+00  8.57694373e-02  7.00359346e-01 -5.54429982e+01  9.16097617e+01]|MOVE:938.0108722915079
[ 8.81053380e-01  1.00338043e+00  8.58070754e-02  5.20322728e-01 -5.02456635e+01  9.14656150e+01]|TURN:73
[ 9.87254065e-01  1.00484004e+00  9.00639813e-02  3.74037019e-01 -4.89014398e+01  9.09931760e+01]|MOVE:938.0108722915079
[ 0.99872407  1.00718505  0.09241513  0.48119977 44.42630302 89.43201398]|TURN:1190
[ 1.00469835  0.90020577  0.09078325  1.73682983 45.51531252 88.48520761]|MOVE:938.0108722915079
[ 1.00595708  0.89846165  0.09074827  2.10684653 55.2009322  87.79521   ]|TURN:128
[ 0.99235896  0.79504331  0.08903105  1.77342561 56.22788976 88.12330812]|MOVE:938.0108722915079
[ 0.99133835  0.79568661  0.08950011  1.63499831 48.85967388 88.5034503 ]|TURN:-95
[9.88501110e-01 6.91318332e-01 8.87231363e-02 1.26756180e+00 4.73447069e+01 8.93999899e+01]|MOVE:938.0108722915079
[9.87409635e-01 5.84866845e-01 8.72473159e-02 1.01622659e+00 4.69436132e+01 8.99297480e+01]|MOVE:938.0108722915079
[9.86594378e-01 4.79573878e-01 8.67580166e-02 1.25603860e+00 4.69922420e+01 8.87866694e+01]|MOVE:938.0108722915079
[9.85851635e-01 3.69969437e-01 8.42214628e-02 1.40872645e+00 4.65368738e+01 9.00111519e+01]|MOVE:938.0108722915079
[9.86963060e-01 2.64672622e-01 8.36184408e-02 1.26202806e+00 4.60346525e+01 8.87748177e+01]|MOVE:938.0108722915079
[9.88808292e-01 1.55293457e-01 8.16855243e-02 1.10725589e+00 4.57282502e+01 8.95957843e+01]|MOVE:938.0108722915079
[9.91714394e-01 4.90673273e-02 8.14448099e-02 9.18366483e-01 4.51607191e+01 8.94164773e+01]|MOVE:938.0108722915079
[ 1.00058288e+00  4.19854034e-02  8.18705227e-02  1.77454611e+02  1.35671734e+02 -8.82419890e+01]|TURN:1169
[ 9.00992207e-01  5.15467354e-02  8.08071462e-02  1.77183502e+02  1.36900311e+02 -8.79579355e+01]|MOVE:938.0108722915079
[ 8.01461687e-01  6.22027160e-02  7.92925560e-02  1.77978924e+02  1.37400853e+02 -8.85160084e+01]|MOVE:938.0108722915079
[ 8.00863680e-01  6.37049635e-02  7.93894108e-02  1.77231980e+02  1.27032757e+02 -8.77535670e+01]|TURN:-139
[ 7.02773833e-01  5.58875527e-02  7.77845906e-02  1.77898879e+02  1.25278940e+02 -8.79100612e+01]|MOVE:938.0108722915079
[ 6.03780950e-01  4.64628661e-02  7.60782322e-02  1.78659512e+02  1.25039389e+02 -8.85962266e+01]|MOVE:938.0108722915079
[ 5.04010542e-01  3.57402147e-02  7.34774460e-02  1.78514220e+02  1.24880347e+02 -8.81532600e+01]|MOVE:938.0108722915079
[ 4.04806918e-01  2.51947180e-02  7.11293938e-02  1.79022585e+02  1.25143154e+02 -8.85065275e+01]|MOVE:938.0108722915079
[ 3.04518239e-01  1.44111669e-02  6.78006577e-02  1.79325204e+02  1.25103655e+02 -8.82958276e+01]|MOVE:938.0108722915079
[ 2.04715745e-01  4.34122732e-03  6.50435075e-02  1.79481840e+02  1.24809598e+02 -8.81962032e+01]|MOVE:938.0108722915079
[ 1.02595794e-01 -8.47785956e-03  6.02376568e-02 -1.78512087e+02  1.25542124e+02 -8.86219859e+01]|MOVE:938.0108722915079
[ 1.01744662e-01 -9.80530432e-03  6.01281078e-02 -1.79155312e+02  1.37450258e+02 -8.80179458e+01]|TURN:156
[ 3.60192502e-03  2.92931001e-04  5.78487921e-02 -1.79925864e+02  1.39213030e+02 -8.82683208e+01]|MOVE:938.0108722915079
[ 2.67199494e-03 -6.66111607e-03  5.86449101e-02 -1.79289544e+02 -1.33410353e+02 -9.17746147e+01]|TURN:1117
[ 1.24576397e-02  9.91929518e-02  6.07021089e-02 -1.79217431e+02 -1.31626058e+02 -8.95001558e+01]|MOVE:938.0108722915079
[ 1.31644938e-02  9.98058365e-02  6.09220732e-02 -1.79462895e+02 -1.37366335e+02 -8.94398593e+01]|TURN:-77
[ 1.33538784e-02  2.03474974e-01  6.24704862e-02 -1.79523035e+02 -1.38544568e+02 -8.93897976e+01]|MOVE:938.0108722915079
[ 1.13059515e-02  3.08255362e-01  6.39381302e-02 -1.79331733e+02 -1.39128594e+02 -8.91630373e+01]|MOVE:938.0108722915079
[ 7.90610076e-03  4.13131497e-01  6.50489835e-02 -1.79638954e+02 -1.40243916e+02 -8.91784030e+01]|MOVE:938.0108722915079
[ 2.11075539e-03  5.15457179e-01  6.63270671e-02 -1.79740634e+02 -1.40462748e+02 -8.95760701e+01]|MOVE:938.0108722915079
[-4.76698969e-03  6.17292719e-01  6.79185701e-02 -1.79503393e+02 -1.41427592e+02 -8.96543956e+01]|MOVE:938.0108722915079
[-1.16087727e-02  7.20429876e-01  6.83868523e-02 -1.79872126e+02 -1.42164442e+02 -8.96610237e+01]|MOVE:938.0108722915079
[-1.16632803e-02  7.19726566e-01  6.76285479e-02 -1.79841303e+02 -1.36638519e+02 -8.97211137e+01]|TURN:81
[-9.60853750e-03  8.25567131e-01  7.02097549e-02  1.79627989e+02 -1.35737245e+02 -9.00139122e+01]|MOVE:938.0108722915079
[-6.90524899e-03  9.32536626e-01  7.17813425e-02  1.79216644e+02 -1.36524252e+02 -9.01132971e+01]|MOVE:938.0108722915079
[-5.33868186e-03  1.03833603e+00  7.36729299e-02  1.79443038e+02 -1.36505643e+02 -9.03535093e+01]|MOVE:938.0108722915079
[-2.12953853e-03  1.04518374e+00  7.34646357e-02  7.63571148e-01 -4.30913527e+01  8.98067157e+01]|TURN:1204
[ 1.05938264e-01  1.03059808e+00  7.55953008e-02  7.11727974e-01 -4.14452120e+01  9.03005201e+01]|MOVE:938.0108722915079
[ 2.16331705e-01  1.01443011e+00  7.77091108e-02  6.61286027e-01 -4.08715063e+01  9.07035840e+01]|MOVE:938.0108722915079
[ 2.17389383e-01  1.01264473e+00  7.69882142e-02  8.09845938e-01 -4.83278858e+01  9.09069877e+01]|TURN:-95
[ 3.24590718e-01  1.01075901e+00  8.03852566e-02  3.48875217e-01 -4.98436057e+01  9.02955568e+01]|MOVE:938.0108722915079
[ 4.33570479e-01  1.01072872e+00  8.35456763e-02  7.20688709e-01 -5.03834850e+01  9.09303839e+01]|MOVE:938.0108722915079
[ 5.42664999e-01  1.00892831e+00  8.57286380e-02  4.90003310e-01 -5.07090275e+01  9.04169763e+01]|MOVE:938.0108722915079
[ 6.55526249e-01  1.00591105e+00  8.54869341e-02  2.70044162e-01 -5.15442333e+01  9.09844531e+01]|MOVE:938.0108722915079
[ 7.69386928e-01  1.00122769e+00  8.45153008e-02  4.12774499e-01 -5.17931338e+01  9.08071061e+01]|MOVE:938.0108722915079
[ 8.81817858e-01  1.00248666e+00  8.55893357e-02  4.23959871e-01 -5.19966331e+01  9.14364734e+01]|MOVE:938.0108722915079
[ 9.89761668e-01  1.00667391e+00  8.93058357e-02  5.90413933e-01 -5.20240974e+01  9.11162737e+01]|MOVE:938.0108722915079
[ 1.00089058  1.00967631  0.09195686  0.40504354 42.50847154 89.59093688]|TURN:1208
[ 1.01027335  0.90275973  0.09059248  1.39310289 43.315415   88.83478499]|MOVE:938.0108722915079
[ 1.01191977  0.90114494  0.09047336  2.02796009 54.9816161  87.8337887 ]|TURN:155
[ 0.99847744  0.7980388   0.08901618  1.94896647 55.94549392 87.96750254]|MOVE:938.0108722915079
[ 0.99731152  0.79908365  0.08955403  1.76876998 49.32969818 88.09978667]|TURN:-86
[9.93225679e-01 6.94609605e-01 8.85661905e-02 1.26083203e+00 4.79121631e+01 8.94518499e+01]|MOVE:938.0108722915079
[9.90262710e-01 5.88287157e-01 8.71103826e-02 1.00403067e+00 4.75888634e+01 8.98999369e+01]|MOVE:938.0108722915079
[9.88284151e-01 4.83138573e-01 8.66938213e-02 1.37335183e+00 4.71926644e+01 8.88690193e+01]|MOVE:938.0108722915079
[9.87286991e-01 3.73963864e-01 8.41746128e-02 1.09575305e+00 4.68739298e+01 9.03681408e+01]|MOVE:938.0108722915079
[9.88171990e-01 2.68284425e-01 8.35985866e-02 1.37217784e+00 4.63359004e+01 8.85977267e+01]|MOVE:938.0108722915079
[9.89493449e-01 1.58945924e-01 8.15509229e-02 1.09504281e+00 4.56235675e+01 8.95232937e+01]|MOVE:938.0108722915079
[9.92551006e-01 5.26458953e-02 8.13072750e-02 9.33285150e-01 4.50112138e+01 8.94018300e+01]|MOVE:938.0108722915079
[ 1.00111867e+00  4.61002925e-02  8.18147440e-02  1.77419779e+02  1.35142637e+02 -8.81525816e+01]|TURN:1168
[ 9.01407165e-01  5.41177801e-02  8.05700820e-02  1.77374932e+02  1.36441308e+02 -8.78850942e+01]|MOVE:938.0108722915079
[ 8.01458434e-01  6.43049091e-02  7.93284962e-02  1.77862744e+02  1.36770282e+02 -8.84041556e+01]|MOVE:938.0108722915079
[ 8.00741491e-01  6.56648759e-02  7.92199438e-02  1.77175014e+02  1.26615225e+02 -8.75616547e+01]|TURN:-137
[ 7.02513809e-01  5.67219564e-02  7.77118367e-02  1.77810859e+02  1.24680824e+02 -8.78866967e+01]|MOVE:938.0108722915079
[ 6.03682277e-01  4.68386470e-02  7.61518414e-02  1.78432833e+02  1.24150233e+02 -8.84028611e+01]|MOVE:938.0108722915079
[ 5.04124169e-01  3.46510200e-02  7.34387137e-02  1.78665578e+02  1.24075944e+02 -8.82117258e+01]|MOVE:938.0108722915079
[ 4.04944443e-01  2.28134615e-02  7.12304521e-02  1.78923028e+02  1.24242225e+02 -8.83631607e+01]|MOVE:938.0108722915079
[ 3.04907827e-01  1.07170861e-02  6.79262833e-02  1.79513901e+02  1.24028763e+02 -8.83680318e+01]|MOVE:938.0108722915079
[ 2.05593556e-01 -1.47067326e-03  6.51906600e-02  1.79764605e+02  1.23899964e+02 -8.84520237e+01]|MOVE:938.0108722915079
[ 2.04897124e-01 -1.94175376e-03  6.50914798e-02 -1.07976704e+02  1.31005470e+02 -8.86773494e+01]|TURN:97
[ 1.02189265e-01 -2.92105253e-03  6.05021608e-02 -1.79200866e+02  1.33181410e+02 -8.79497577e+01]|MOVE:938.0108722915079
[ 2.58838408e-03 -2.49897791e-04  5.81185437e-02 -1.79107704e+02  1.33929331e+02 -8.85939954e+01]|MOVE:938.0108722915079
